ANIMAL	FATHER	MOTHER
1	NA	NA
2	NA	NA
3	NA	NA
4	NA	NA
5	NA	NA
6	NA	NA
7	NA	NA
8	NA	NA
9	NA	NA
10	NA	NA
11	NA	NA
12	NA	NA
13	NA	NA
14	NA	NA
15	NA	NA
16	NA	NA
17	NA	NA
18	NA	NA
19	NA	NA
20	NA	NA
21	NA	NA
22	NA	NA
23	NA	NA
24	NA	NA
25	NA	NA
26	NA	NA
27	NA	NA
28	NA	NA
29	NA	NA
30	NA	NA
31	NA	NA
32	NA	NA
33	NA	NA
34	NA	NA
35	NA	NA
36	NA	NA
37	NA	NA
38	NA	NA
39	NA	NA
40	NA	NA
41	NA	NA
42	NA	NA
43	NA	NA
44	NA	NA
45	NA	NA
46	NA	NA
47	NA	NA
48	NA	NA
49	NA	NA
50	NA	NA
51	NA	NA
52	NA	NA
53	NA	NA
54	NA	NA
55	NA	NA
56	NA	NA
57	NA	NA
58	NA	NA
59	NA	NA
60	NA	NA
61	NA	NA
62	NA	NA
63	NA	NA
64	NA	NA
65	NA	NA
66	NA	NA
67	NA	NA
68	NA	NA
69	NA	NA
70	NA	NA
71	NA	NA
72	NA	NA
73	NA	NA
74	NA	NA
75	NA	NA
76	NA	NA
77	NA	NA
78	NA	NA
79	NA	NA
80	NA	NA
81	NA	NA
82	NA	NA
83	NA	NA
84	NA	NA
85	NA	NA
86	NA	NA
87	NA	NA
88	NA	NA
89	NA	NA
90	NA	NA
91	NA	NA
92	NA	NA
93	NA	NA
94	NA	NA
95	NA	NA
96	NA	NA
97	NA	NA
98	NA	NA
99	NA	NA
100	NA	NA
101	NA	NA
102	NA	NA
103	NA	NA
104	NA	NA
105	NA	NA
106	NA	NA
107	NA	NA
108	NA	NA
109	NA	NA
110	NA	NA
111	NA	NA
112	NA	NA
113	NA	NA
114	NA	NA
115	NA	NA
116	NA	NA
117	NA	NA
118	NA	NA
119	NA	NA
120	NA	NA
121	NA	NA
122	NA	NA
123	NA	NA
124	NA	NA
125	NA	NA
126	NA	NA
127	NA	NA
128	NA	NA
129	NA	NA
130	NA	NA
131	NA	NA
132	NA	NA
133	NA	NA
134	NA	NA
135	NA	NA
136	NA	NA
137	NA	NA
138	NA	NA
139	NA	NA
140	NA	NA
141	NA	NA
142	NA	NA
143	NA	NA
144	NA	NA
145	NA	NA
146	NA	NA
147	NA	NA
148	NA	NA
149	NA	NA
150	NA	NA
151	NA	NA
152	NA	NA
153	NA	NA
154	NA	NA
155	NA	NA
156	NA	NA
157	NA	NA
158	NA	NA
159	NA	NA
160	NA	NA
161	NA	NA
162	NA	NA
163	NA	NA
164	NA	NA
165	NA	NA
166	NA	NA
167	NA	NA
168	NA	NA
169	NA	NA
170	NA	NA
171	NA	NA
172	NA	NA
173	NA	NA
174	NA	NA
175	NA	NA
176	NA	NA
177	NA	NA
178	NA	NA
179	NA	NA
180	NA	NA
181	NA	NA
182	NA	NA
183	NA	NA
184	NA	NA
185	NA	NA
186	NA	NA
187	NA	NA
188	NA	NA
189	NA	NA
190	NA	NA
191	NA	NA
192	NA	NA
193	NA	NA
194	NA	NA
195	NA	NA
196	NA	NA
197	NA	NA
198	NA	NA
199	NA	NA
200	NA	NA
201	NA	NA
202	NA	NA
203	NA	NA
204	NA	NA
205	NA	NA
206	NA	NA
207	NA	NA
208	NA	NA
209	NA	NA
210	NA	NA
211	NA	NA
212	NA	NA
213	NA	NA
214	NA	NA
215	NA	NA
216	NA	NA
217	NA	NA
218	NA	NA
219	NA	NA
220	NA	NA
221	NA	NA
222	NA	NA
223	NA	NA
224	NA	NA
225	NA	NA
226	NA	NA
227	NA	NA
228	NA	NA
229	NA	NA
230	NA	NA
231	NA	NA
232	NA	NA
233	NA	NA
234	NA	NA
235	NA	NA
236	NA	NA
237	NA	NA
238	NA	NA
239	NA	NA
240	NA	NA
241	NA	NA
242	NA	NA
243	NA	NA
244	NA	NA
245	NA	NA
246	NA	NA
247	NA	NA
248	NA	NA
249	NA	NA
250	NA	NA
251	NA	NA
252	NA	NA
253	NA	NA
254	NA	NA
255	NA	NA
256	NA	NA
257	NA	NA
258	NA	NA
259	NA	NA
260	NA	NA
261	NA	NA
262	NA	NA
263	NA	NA
264	NA	NA
265	NA	NA
266	NA	NA
267	NA	NA
268	NA	NA
269	NA	NA
270	NA	NA
271	NA	NA
272	NA	NA
273	NA	NA
274	NA	NA
275	NA	NA
276	NA	NA
277	NA	NA
278	NA	NA
279	NA	NA
280	NA	NA
281	NA	NA
282	NA	NA
283	NA	NA
284	NA	NA
285	NA	NA
286	NA	NA
287	NA	NA
288	NA	NA
289	NA	NA
290	NA	NA
291	NA	NA
292	NA	NA
293	NA	NA
294	NA	NA
295	NA	NA
296	NA	NA
297	NA	NA
298	NA	NA
299	NA	NA
300	NA	NA
301	NA	NA
302	NA	NA
303	NA	NA
304	NA	NA
305	NA	NA
306	NA	NA
307	NA	NA
308	NA	NA
309	NA	NA
310	NA	NA
311	NA	NA
312	NA	NA
313	NA	NA
314	NA	NA
315	NA	NA
316	NA	NA
317	NA	NA
318	NA	NA
319	NA	NA
320	NA	NA
321	NA	NA
322	NA	NA
323	NA	NA
324	NA	NA
325	NA	NA
326	NA	NA
327	NA	NA
328	NA	NA
329	NA	NA
330	NA	NA
331	NA	NA
332	NA	NA
333	NA	NA
334	NA	NA
335	NA	NA
336	NA	NA
337	NA	NA
338	NA	NA
339	NA	NA
340	NA	NA
341	NA	NA
342	NA	NA
343	NA	NA
344	NA	NA
345	NA	NA
346	NA	NA
347	NA	NA
348	NA	NA
349	NA	NA
350	NA	NA
351	NA	NA
352	NA	NA
353	NA	NA
354	NA	NA
355	NA	NA
356	NA	NA
357	NA	NA
358	NA	NA
359	NA	NA
360	NA	NA
361	NA	NA
362	NA	NA
363	NA	NA
364	NA	NA
365	NA	NA
366	NA	NA
367	NA	NA
368	NA	NA
369	NA	NA
370	NA	NA
371	NA	NA
372	NA	NA
373	NA	NA
374	NA	NA
375	NA	NA
376	NA	NA
377	NA	NA
378	NA	NA
381	NA	NA
382	NA	NA
385	NA	NA
386	NA	NA
389	NA	NA
390	NA	NA
393	NA	NA
394	NA	NA
395	NA	NA
396	NA	NA
397	NA	NA
398	NA	NA
399	NA	NA
400	NA	NA
401	NA	NA
402	NA	NA
403	NA	NA
404	NA	NA
407	NA	NA
408	NA	NA
409	NA	NA
410	NA	NA
411	NA	NA
412	NA	NA
413	NA	NA
414	NA	NA
415	NA	NA
416	NA	NA
417	NA	NA
418	NA	NA
419	NA	NA
420	NA	NA
421	NA	NA
422	NA	NA
423	NA	NA
424	NA	NA
425	NA	NA
426	NA	NA
427	NA	NA
428	NA	NA
429	NA	NA
430	NA	NA
431	NA	NA
432	NA	NA
433	NA	NA
434	NA	NA
435	NA	NA
436	NA	NA
437	NA	NA
438	NA	NA
439	NA	NA
440	NA	NA
441	NA	NA
442	NA	NA
443	NA	NA
444	NA	NA
445	NA	NA
446	NA	NA
447	NA	NA
448	NA	NA
449	NA	NA
450	NA	NA
451	NA	NA
452	NA	NA
453	NA	NA
454	NA	NA
455	NA	NA
456	NA	NA
457	NA	NA
458	NA	NA
459	NA	NA
460	NA	NA
461	NA	NA
462	NA	NA
463	NA	NA
464	NA	NA
465	NA	NA
466	NA	NA
467	NA	NA
468	NA	NA
469	NA	NA
470	NA	NA
471	NA	NA
472	NA	NA
473	NA	NA
474	NA	NA
475	NA	NA
476	NA	NA
477	NA	NA
478	NA	NA
479	NA	NA
480	NA	NA
481	NA	NA
482	NA	NA
483	NA	NA
484	NA	NA
485	NA	NA
486	NA	NA
487	NA	NA
488	NA	NA
489	NA	NA
490	NA	NA
491	NA	NA
492	NA	NA
493	NA	NA
494	NA	NA
495	NA	NA
496	NA	NA
497	NA	NA
498	NA	NA
499	NA	NA
500	NA	NA
501	NA	NA
502	NA	NA
503	NA	NA
504	NA	NA
505	NA	NA
506	NA	NA
507	NA	NA
508	NA	NA
509	NA	NA
510	NA	NA
511	NA	NA
512	NA	NA
513	NA	NA
514	NA	NA
515	NA	NA
516	NA	NA
517	NA	NA
518	NA	NA
519	NA	NA
520	NA	NA
521	NA	NA
522	NA	NA
523	NA	NA
524	NA	NA
525	NA	NA
526	NA	NA
527	NA	NA
528	NA	NA
529	NA	NA
530	NA	NA
531	NA	NA
532	NA	NA
533	NA	NA
534	NA	NA
535	NA	NA
536	NA	NA
537	NA	NA
538	NA	NA
539	NA	NA
540	NA	NA
541	NA	NA
542	NA	NA
543	NA	NA
544	NA	NA
545	NA	NA
546	NA	NA
547	NA	NA
548	NA	NA
549	NA	NA
550	NA	NA
551	NA	NA
552	NA	NA
553	NA	NA
554	NA	NA
555	NA	NA
556	NA	NA
557	NA	NA
558	NA	NA
559	NA	NA
560	NA	NA
561	NA	NA
562	NA	NA
563	NA	NA
564	NA	NA
565	NA	NA
566	NA	NA
567	NA	NA
568	NA	NA
569	NA	NA
570	NA	NA
571	NA	NA
572	NA	NA
573	NA	NA
574	NA	NA
575	NA	NA
576	NA	NA
577	NA	NA
578	NA	NA
579	NA	NA
580	NA	NA
581	NA	NA
582	NA	NA
583	NA	NA
584	NA	NA
585	NA	NA
586	NA	NA
587	NA	NA
588	NA	NA
589	NA	NA
590	NA	NA
591	NA	NA
592	NA	NA
593	NA	NA
594	NA	NA
595	NA	NA
596	NA	NA
597	NA	NA
598	NA	NA
599	NA	NA
600	NA	NA
601	NA	NA
602	NA	NA
603	NA	NA
604	NA	NA
605	NA	NA
606	NA	NA
607	NA	NA
608	NA	NA
609	NA	NA
610	NA	NA
611	NA	NA
612	NA	NA
613	NA	NA
614	NA	NA
615	NA	NA
616	NA	NA
617	NA	NA
618	NA	NA
619	NA	NA
620	NA	NA
621	NA	NA
622	NA	NA
623	NA	NA
624	NA	NA
625	NA	NA
626	NA	NA
627	NA	NA
628	NA	NA
629	NA	NA
630	NA	NA
631	NA	NA
632	NA	NA
633	NA	NA
634	NA	NA
635	NA	NA
636	NA	NA
637	NA	NA
638	NA	NA
639	NA	NA
640	NA	NA
641	NA	NA
642	NA	NA
643	NA	NA
644	NA	NA
645	NA	NA
646	NA	NA
647	NA	NA
648	NA	NA
649	NA	NA
650	NA	NA
651	NA	NA
652	NA	NA
653	NA	NA
654	NA	NA
655	NA	NA
656	NA	NA
657	NA	NA
658	NA	NA
659	NA	NA
660	NA	NA
661	NA	NA
662	NA	NA
663	NA	NA
664	NA	NA
665	NA	NA
666	NA	NA
667	NA	NA
668	NA	NA
669	NA	NA
670	NA	NA
671	NA	NA
672	NA	NA
673	NA	NA
674	NA	NA
675	NA	NA
676	NA	NA
677	NA	NA
678	NA	NA
679	NA	NA
680	NA	NA
681	NA	NA
682	NA	NA
683	NA	NA
684	NA	NA
685	NA	NA
686	NA	NA
687	NA	NA
688	NA	NA
689	NA	NA
690	NA	NA
691	NA	NA
692	NA	NA
693	NA	NA
694	NA	NA
695	NA	NA
696	NA	NA
697	NA	NA
698	NA	NA
699	NA	NA
700	NA	NA
701	NA	NA
702	NA	NA
703	NA	NA
704	NA	NA
705	NA	NA
706	NA	NA
707	NA	NA
708	NA	NA
709	NA	NA
710	NA	NA
711	NA	NA
712	NA	NA
713	NA	NA
714	NA	NA
715	NA	NA
716	NA	NA
717	NA	NA
718	NA	NA
719	NA	NA
720	NA	NA
721	NA	NA
722	NA	NA
723	NA	NA
724	NA	NA
725	NA	NA
726	NA	NA
727	NA	NA
728	NA	NA
729	NA	NA
730	NA	NA
731	NA	NA
732	NA	NA
733	NA	NA
734	NA	NA
735	NA	NA
736	NA	NA
737	NA	NA
738	NA	NA
739	NA	NA
740	NA	NA
741	NA	NA
742	NA	NA
743	NA	NA
744	NA	NA
745	NA	NA
746	NA	NA
747	NA	NA
748	NA	NA
749	NA	NA
750	NA	NA
751	NA	NA
752	NA	NA
753	NA	NA
754	NA	NA
755	NA	NA
756	NA	NA
757	NA	NA
758	NA	NA
759	NA	NA
760	NA	NA
761	NA	NA
762	NA	NA
763	NA	NA
764	NA	NA
765	NA	NA
766	NA	NA
767	NA	NA
768	NA	NA
769	NA	NA
770	NA	NA
771	NA	NA
772	NA	NA
773	NA	NA
774	NA	NA
775	NA	NA
776	NA	NA
777	NA	NA
778	NA	NA
779	NA	NA
780	NA	NA
781	NA	NA
782	NA	NA
783	NA	NA
784	NA	NA
785	NA	NA
786	NA	NA
787	NA	NA
788	NA	NA
789	NA	NA
790	NA	NA
791	NA	NA
792	NA	NA
793	NA	NA
794	NA	NA
795	NA	NA
796	NA	NA
797	NA	NA
798	NA	NA
799	NA	NA
800	NA	NA
801	NA	NA
802	NA	NA
803	NA	NA
804	NA	NA
805	NA	NA
806	NA	NA
807	NA	NA
808	NA	NA
809	NA	NA
810	NA	NA
811	NA	NA
812	NA	NA
813	NA	NA
814	NA	NA
815	NA	NA
816	NA	NA
817	NA	NA
818	NA	NA
819	NA	NA
820	NA	NA
821	NA	NA
822	NA	NA
823	NA	NA
824	NA	NA
825	NA	NA
826	NA	NA
827	NA	NA
828	NA	NA
829	NA	NA
830	NA	NA
831	NA	NA
832	NA	NA
833	NA	NA
834	NA	NA
835	NA	NA
836	NA	NA
837	NA	NA
838	NA	NA
839	NA	NA
840	NA	NA
841	NA	NA
842	NA	NA
843	NA	NA
844	NA	NA
845	NA	NA
846	NA	NA
847	NA	NA
848	NA	NA
849	NA	NA
850	NA	NA
851	NA	NA
852	NA	NA
853	NA	NA
854	NA	NA
855	NA	NA
856	NA	NA
857	NA	NA
858	NA	NA
859	NA	NA
860	NA	NA
861	NA	NA
862	NA	NA
863	NA	NA
864	NA	NA
865	NA	NA
866	NA	NA
867	NA	NA
868	NA	NA
869	NA	NA
870	NA	NA
871	NA	NA
872	NA	NA
873	NA	NA
874	NA	NA
875	NA	NA
876	NA	NA
877	NA	NA
878	NA	NA
879	NA	NA
880	NA	NA
881	NA	NA
882	NA	NA
883	NA	NA
884	NA	NA
885	NA	NA
886	NA	NA
887	NA	NA
888	NA	NA
889	NA	NA
890	NA	NA
891	NA	NA
892	NA	NA
893	NA	NA
894	NA	NA
895	NA	NA
896	NA	NA
897	NA	NA
898	NA	NA
899	NA	NA
900	NA	NA
901	NA	NA
902	NA	NA
903	NA	NA
904	NA	NA
905	NA	NA
906	NA	NA
907	NA	NA
908	NA	NA
909	NA	NA
910	NA	NA
911	NA	NA
912	NA	NA
913	NA	NA
914	NA	NA
915	NA	NA
916	NA	NA
917	NA	NA
918	NA	NA
919	NA	NA
920	NA	NA
921	NA	NA
922	NA	NA
923	NA	NA
924	NA	NA
925	NA	NA
926	NA	NA
927	NA	NA
928	NA	NA
929	NA	NA
930	NA	NA
931	NA	NA
932	NA	NA
933	NA	NA
934	NA	NA
935	NA	NA
936	NA	NA
937	NA	NA
938	NA	NA
939	NA	NA
940	NA	NA
941	NA	NA
942	NA	NA
943	NA	NA
944	NA	NA
945	NA	NA
946	NA	NA
947	NA	NA
948	NA	NA
949	NA	NA
950	NA	NA
951	NA	NA
952	NA	NA
953	NA	NA
954	NA	NA
955	NA	NA
956	NA	NA
957	NA	NA
958	NA	NA
959	NA	NA
960	NA	NA
961	NA	NA
962	NA	NA
963	NA	NA
964	NA	NA
965	NA	NA
966	NA	NA
967	NA	NA
968	NA	NA
969	NA	NA
970	NA	NA
971	NA	NA
972	NA	NA
973	NA	NA
974	NA	NA
975	NA	NA
976	NA	NA
977	NA	NA
978	NA	NA
979	NA	NA
980	NA	NA
981	NA	NA
982	NA	NA
983	NA	NA
984	NA	NA
985	NA	NA
986	NA	NA
987	NA	NA
988	NA	NA
989	NA	NA
990	NA	NA
991	NA	NA
992	NA	NA
993	NA	NA
994	NA	NA
995	NA	NA
996	NA	NA
997	NA	NA
998	NA	NA
999	NA	NA
1000	NA	NA
1001	NA	NA
1002	NA	NA
1003	NA	NA
1004	NA	NA
1005	NA	NA
1006	NA	NA
1007	NA	NA
1008	NA	NA
1009	NA	NA
1010	NA	NA
1011	NA	NA
1012	NA	NA
1013	NA	NA
1014	NA	NA
1015	NA	NA
1016	NA	NA
1017	NA	NA
1018	NA	NA
1019	NA	NA
1020	NA	NA
1021	NA	NA
1022	NA	NA
1023	NA	NA
1024	NA	NA
1025	NA	NA
1026	NA	NA
1027	NA	NA
1028	NA	NA
1029	NA	NA
1030	NA	NA
1031	NA	NA
1032	NA	NA
1033	NA	NA
1034	NA	NA
1035	NA	NA
1036	NA	NA
1037	NA	NA
1038	NA	NA
1039	NA	NA
1040	NA	NA
1041	NA	NA
1042	NA	NA
1043	NA	NA
1044	NA	NA
1045	NA	NA
1046	NA	NA
1047	NA	NA
1048	NA	NA
1049	NA	NA
1050	NA	NA
1051	NA	NA
1052	NA	NA
1053	NA	NA
1054	NA	NA
1055	NA	NA
1056	NA	NA
1057	NA	NA
1058	NA	NA
1059	NA	NA
1060	NA	NA
1061	NA	NA
1062	NA	NA
1063	NA	NA
1064	NA	NA
1065	NA	NA
1066	NA	NA
1067	NA	NA
1068	NA	NA
1069	NA	NA
1070	NA	NA
1071	NA	NA
1072	NA	NA
1073	NA	NA
1074	NA	NA
1075	NA	NA
1076	NA	NA
1077	NA	NA
1078	NA	NA
1079	NA	NA
1080	NA	NA
1081	NA	NA
1082	NA	NA
1083	NA	NA
1084	NA	NA
1085	NA	NA
1086	NA	NA
1087	NA	NA
1088	NA	NA
1089	NA	NA
1090	NA	NA
1091	NA	NA
1092	NA	NA
1093	NA	NA
1094	NA	NA
1095	NA	NA
1096	NA	NA
1097	NA	NA
1098	NA	NA
1099	NA	NA
1100	NA	NA
1101	NA	NA
1102	NA	NA
1103	NA	NA
1104	NA	NA
1105	NA	NA
1106	NA	NA
1107	NA	NA
1108	NA	NA
1109	NA	NA
1110	NA	NA
1111	NA	NA
1112	NA	NA
1113	NA	NA
1114	NA	NA
1115	NA	NA
1116	NA	NA
1117	NA	NA
1118	NA	NA
1119	NA	NA
1120	NA	NA
1121	NA	NA
1122	NA	NA
1123	NA	NA
1124	NA	NA
1125	NA	NA
1126	NA	NA
1127	NA	NA
1128	NA	NA
1129	NA	NA
1130	NA	NA
1131	NA	NA
1132	NA	NA
1133	NA	NA
1134	NA	NA
1135	NA	NA
1136	NA	NA
1137	NA	NA
1138	NA	NA
1139	NA	NA
1140	NA	NA
1141	NA	NA
1142	NA	NA
1143	NA	NA
1144	NA	NA
1145	NA	NA
1146	NA	NA
1147	NA	NA
1148	NA	NA
1149	NA	NA
1150	NA	NA
1151	NA	NA
1152	NA	NA
1153	NA	NA
1154	NA	NA
1155	NA	NA
1156	NA	NA
1157	NA	NA
1158	NA	NA
1159	NA	NA
1160	NA	NA
1161	NA	NA
1162	NA	NA
1163	NA	NA
1164	NA	NA
1165	NA	NA
1166	NA	NA
1167	NA	NA
1168	NA	NA
1169	NA	NA
1170	NA	NA
1171	NA	NA
1172	NA	NA
1173	NA	NA
1174	NA	NA
1175	NA	NA
1176	NA	NA
1177	NA	NA
1178	NA	NA
1179	NA	NA
1180	NA	NA
1181	NA	NA
1182	NA	NA
1183	NA	NA
1184	NA	NA
1185	NA	NA
1186	NA	NA
1187	NA	NA
1188	NA	NA
1189	NA	NA
1190	NA	NA
1191	NA	NA
1192	NA	NA
1193	NA	NA
1194	NA	NA
1195	NA	NA
1196	NA	NA
1197	NA	NA
1198	NA	NA
1199	NA	NA
1200	NA	NA
1201	NA	NA
1202	NA	NA
1203	NA	NA
1204	NA	NA
1205	NA	NA
1206	NA	NA
1207	NA	NA
1208	NA	NA
1209	NA	NA
1210	NA	NA
1211	NA	NA
1212	NA	NA
1213	NA	NA
1214	NA	NA
1215	NA	NA
1216	NA	NA
1217	NA	NA
1218	NA	NA
1219	NA	NA
1220	NA	NA
1221	NA	NA
1222	NA	NA
1223	NA	NA
1224	NA	NA
1225	NA	NA
1226	NA	NA
1227	NA	NA
1228	NA	NA
1229	NA	NA
1230	NA	NA
1231	NA	NA
1232	NA	NA
1233	NA	NA
1234	NA	NA
1235	NA	NA
1236	NA	NA
1237	NA	NA
1238	NA	NA
1239	NA	NA
1240	NA	NA
1241	NA	NA
1242	NA	NA
1243	NA	NA
1244	NA	NA
1245	NA	NA
1246	NA	NA
1247	NA	NA
1248	NA	NA
1249	NA	NA
1250	NA	NA
1251	NA	NA
1252	NA	NA
1253	NA	NA
1254	NA	NA
1255	NA	NA
1256	NA	NA
1257	NA	NA
1258	NA	NA
1259	NA	NA
1260	NA	NA
1261	NA	NA
1262	NA	NA
1263	NA	NA
1264	NA	NA
1265	NA	NA
1266	NA	NA
1267	NA	NA
1268	NA	NA
1269	NA	NA
1270	NA	NA
1271	NA	NA
1272	NA	NA
1273	NA	NA
1274	NA	NA
1275	NA	NA
1276	NA	NA
1277	NA	NA
1278	NA	NA
1279	NA	NA
1280	NA	NA
1281	NA	NA
1282	NA	NA
1283	NA	NA
1284	NA	NA
1285	NA	NA
1286	NA	NA
1287	NA	NA
1288	NA	NA
1289	NA	NA
1290	NA	NA
1291	NA	NA
1292	NA	NA
1293	NA	NA
1294	NA	NA
1295	NA	NA
1296	NA	NA
1297	NA	NA
1298	NA	NA
1299	NA	NA
1300	NA	NA
1301	NA	NA
1302	NA	NA
1303	NA	NA
1304	NA	NA
1305	NA	NA
1306	NA	NA
1307	NA	NA
1308	NA	NA
1309	NA	NA
1310	NA	NA
1311	NA	NA
1312	NA	NA
1313	NA	NA
1314	NA	NA
1315	NA	NA
1316	NA	NA
1317	NA	NA
1318	NA	NA
1319	NA	NA
1320	NA	NA
1321	NA	NA
1322	NA	NA
1323	NA	NA
1324	NA	NA
1325	NA	NA
1326	NA	NA
1327	NA	NA
1328	NA	NA
1329	NA	NA
1330	NA	NA
1331	NA	NA
1332	NA	NA
1333	NA	NA
1334	NA	NA
1335	NA	NA
1336	NA	NA
1337	NA	NA
1338	NA	NA
1339	NA	NA
1340	NA	NA
1341	NA	NA
1342	NA	NA
1343	NA	NA
1344	NA	NA
1345	NA	NA
1346	NA	NA
1347	NA	NA
1348	NA	NA
1349	NA	NA
1350	NA	NA
1351	NA	NA
1352	NA	NA
1353	NA	NA
1354	NA	NA
1355	NA	NA
1356	NA	NA
1357	NA	NA
1358	NA	NA
1359	NA	NA
1360	NA	NA
1361	NA	NA
1362	NA	NA
1363	NA	NA
1364	NA	NA
1365	NA	NA
1366	NA	NA
1367	NA	NA
1368	NA	NA
1369	NA	NA
1370	NA	NA
1371	NA	NA
1372	NA	NA
1373	NA	NA
1374	NA	NA
1375	NA	NA
1376	NA	NA
1377	NA	NA
1378	NA	NA
1379	NA	NA
1380	NA	NA
1381	NA	NA
1382	NA	NA
1383	NA	NA
1384	NA	NA
1385	NA	NA
1386	NA	NA
1387	NA	NA
1388	NA	NA
1389	NA	NA
1390	NA	NA
1391	NA	NA
1392	NA	NA
1393	NA	NA
1394	NA	NA
1395	NA	NA
1396	NA	NA
1397	NA	NA
1398	NA	NA
1399	NA	NA
1400	NA	NA
1401	NA	NA
1402	NA	NA
1403	NA	NA
1404	NA	NA
1405	NA	NA
1406	NA	NA
1407	NA	NA
1408	NA	NA
1409	NA	NA
1410	NA	NA
1411	NA	NA
1412	NA	NA
1413	NA	NA
1414	NA	NA
1415	NA	NA
1416	NA	NA
1417	NA	NA
1418	NA	NA
1419	NA	NA
1420	NA	NA
1421	NA	NA
1422	NA	NA
1423	NA	NA
1424	NA	NA
1425	NA	NA
1426	NA	NA
1427	NA	NA
1428	NA	NA
1429	NA	NA
1430	NA	NA
1431	NA	NA
1432	NA	NA
1433	NA	NA
1434	NA	NA
1435	NA	NA
1436	NA	NA
1437	NA	NA
1438	NA	NA
1439	NA	NA
1440	NA	NA
1441	NA	NA
1442	NA	NA
1443	NA	NA
1444	NA	NA
1445	NA	NA
1446	NA	NA
1447	NA	NA
1448	NA	NA
1449	NA	NA
1450	NA	NA
1451	NA	NA
1452	NA	NA
1453	NA	NA
1454	NA	NA
1455	NA	NA
1456	NA	NA
1457	NA	NA
1458	NA	NA
1459	NA	NA
1460	NA	NA
1461	NA	NA
1462	NA	NA
1463	NA	NA
1464	NA	NA
1465	NA	NA
1466	NA	NA
1467	NA	NA
1468	NA	NA
1469	NA	NA
1470	NA	NA
1471	NA	NA
1472	NA	NA
1473	NA	NA
1474	NA	NA
1475	NA	NA
1476	NA	NA
1477	NA	NA
1478	NA	NA
1479	NA	NA
1480	NA	NA
1481	NA	NA
1482	NA	NA
1483	NA	NA
1484	NA	NA
1485	NA	NA
1486	NA	NA
1487	NA	NA
1488	NA	NA
1489	NA	NA
1490	NA	NA
1491	NA	NA
1492	NA	NA
1493	NA	NA
1494	NA	NA
1495	NA	NA
1496	NA	NA
1497	NA	NA
1498	NA	NA
1499	NA	NA
1500	NA	NA
1501	NA	NA
1502	NA	NA
1503	NA	NA
1504	NA	NA
1505	NA	NA
1506	NA	NA
1507	NA	NA
1508	NA	NA
1509	NA	NA
1510	NA	NA
1511	NA	NA
1512	NA	NA
1513	NA	NA
1514	NA	NA
1515	NA	NA
1516	NA	NA
1517	NA	NA
1518	NA	NA
1519	NA	NA
1520	NA	NA
1521	NA	NA
1522	NA	NA
1523	NA	NA
1524	NA	NA
1525	NA	NA
1526	NA	NA
1527	NA	NA
1528	NA	NA
1529	NA	NA
1530	NA	NA
1531	NA	NA
1532	NA	NA
1533	NA	NA
1534	NA	NA
1535	NA	NA
1536	NA	NA
1537	NA	NA
1538	NA	NA
1539	NA	NA
1540	NA	NA
1541	NA	NA
1542	NA	NA
1543	NA	NA
1544	NA	NA
1545	NA	NA
1546	NA	NA
1547	NA	NA
1548	NA	NA
1549	NA	NA
1550	NA	NA
1551	NA	NA
1552	NA	NA
1553	NA	NA
1554	NA	NA
1555	NA	NA
1556	NA	NA
1557	NA	NA
1558	NA	NA
1559	NA	NA
1560	NA	NA
1561	NA	NA
1562	NA	NA
1563	NA	NA
1564	NA	NA
1565	NA	NA
1566	NA	NA
1567	NA	NA
1568	NA	NA
1569	NA	NA
1570	NA	NA
1571	NA	NA
1572	NA	NA
1573	NA	NA
1574	NA	NA
1575	NA	NA
1576	NA	NA
1577	NA	NA
1578	NA	NA
1579	NA	NA
1580	NA	NA
1581	NA	NA
1582	NA	NA
1583	NA	NA
1584	NA	NA
1585	NA	NA
1586	NA	NA
1587	NA	NA
1588	NA	NA
1589	NA	NA
1590	NA	NA
1591	NA	NA
1592	NA	NA
1593	NA	NA
1594	NA	NA
1595	NA	NA
1596	NA	NA
1597	NA	NA
1598	NA	NA
1599	NA	NA
1600	NA	NA
1601	NA	NA
1602	NA	NA
1603	NA	NA
1604	NA	NA
1605	NA	NA
1606	NA	NA
1607	NA	NA
1608	NA	NA
1609	NA	NA
1610	NA	NA
1611	NA	NA
1612	NA	NA
1613	NA	NA
1614	NA	NA
1615	NA	NA
1616	NA	NA
1617	NA	NA
1618	NA	NA
1619	NA	NA
1620	NA	NA
1621	NA	NA
1622	NA	NA
1623	NA	NA
1624	NA	NA
1625	NA	NA
1626	NA	NA
1627	NA	NA
1628	NA	NA
1629	NA	NA
1630	NA	NA
1631	NA	NA
1632	NA	NA
1633	NA	NA
1634	NA	NA
1635	NA	NA
1636	NA	NA
1637	NA	NA
1638	NA	NA
1639	NA	NA
1640	NA	NA
1641	NA	NA
1642	NA	NA
1643	NA	NA
1644	NA	NA
1645	NA	NA
1646	NA	NA
1647	NA	NA
1648	NA	NA
1649	NA	NA
1650	NA	NA
1651	NA	NA
1652	NA	NA
1653	NA	NA
1654	NA	NA
1655	NA	NA
1656	NA	NA
1657	NA	NA
1658	NA	NA
1659	NA	NA
1660	NA	NA
1661	NA	NA
1662	NA	NA
1663	NA	NA
1664	NA	NA
1665	NA	NA
1666	NA	NA
1667	NA	NA
1668	NA	NA
1669	NA	NA
1670	NA	NA
1671	NA	NA
1672	NA	NA
1673	NA	NA
1674	NA	NA
1675	NA	NA
1676	NA	NA
1677	NA	NA
1678	NA	NA
1679	NA	NA
1680	NA	NA
1681	NA	NA
1682	NA	NA
1683	NA	NA
1684	NA	NA
1685	NA	NA
1686	NA	NA
1687	NA	NA
1688	NA	NA
1689	NA	NA
1690	NA	NA
1691	NA	NA
1692	NA	NA
1693	NA	NA
1694	NA	NA
1695	NA	NA
1696	NA	NA
1697	NA	NA
1698	NA	NA
1699	NA	NA
1700	NA	NA
1701	NA	NA
1702	NA	NA
1703	NA	NA
1704	NA	NA
1705	NA	NA
1706	NA	NA
1707	NA	NA
1708	NA	NA
1709	NA	NA
1710	NA	NA
1711	NA	NA
1712	NA	NA
1713	NA	NA
1714	NA	NA
1715	NA	NA
1716	NA	NA
1717	NA	NA
1718	NA	NA
1719	NA	NA
1720	NA	NA
1721	NA	NA
1722	NA	NA
1723	NA	NA
1724	NA	NA
1725	NA	NA
1726	NA	NA
1727	NA	NA
1728	NA	NA
1729	NA	NA
1730	NA	NA
1731	NA	NA
1732	NA	NA
1733	NA	NA
1734	NA	NA
1735	NA	NA
1736	NA	NA
1737	NA	NA
1738	NA	NA
1739	NA	NA
1740	NA	NA
1741	NA	NA
1742	NA	NA
1743	NA	NA
1744	NA	NA
1745	NA	NA
1746	NA	NA
1747	NA	NA
1748	NA	NA
1749	NA	NA
1750	NA	NA
1751	NA	NA
1752	NA	NA
1753	NA	NA
1754	NA	NA
1755	NA	NA
1756	NA	NA
1757	NA	NA
1758	NA	NA
1759	NA	NA
1760	NA	NA
1761	NA	NA
1762	NA	NA
1763	NA	NA
1764	NA	NA
1765	NA	NA
1766	NA	NA
1767	NA	NA
1768	NA	NA
1769	NA	NA
1770	NA	NA
1771	NA	NA
1772	NA	NA
1773	NA	NA
1774	NA	NA
1775	NA	NA
1776	NA	NA
1777	NA	NA
1778	NA	NA
1779	NA	NA
1780	NA	NA
1781	NA	NA
1782	NA	NA
1783	NA	NA
1784	NA	NA
1785	NA	NA
1786	NA	NA
1787	NA	NA
1788	NA	NA
1789	NA	NA
1790	NA	NA
1791	NA	NA
1792	NA	NA
1793	NA	NA
1794	NA	NA
1795	NA	NA
1796	NA	NA
1797	NA	NA
1798	NA	NA
1799	NA	NA
1800	NA	NA
1801	NA	NA
1802	NA	NA
1803	NA	NA
1804	NA	NA
1805	NA	NA
1806	NA	NA
1807	NA	NA
1808	NA	NA
1809	NA	NA
1810	NA	NA
1811	NA	NA
1812	NA	NA
1813	NA	NA
1814	NA	NA
1815	NA	NA
1816	NA	NA
1817	NA	NA
1818	NA	NA
1819	NA	NA
1820	NA	NA
1821	NA	NA
1822	NA	NA
1823	NA	NA
1824	NA	NA
1825	NA	NA
1826	NA	NA
1827	NA	NA
1828	NA	NA
1829	NA	NA
1830	NA	NA
1831	NA	NA
1832	NA	NA
1833	NA	NA
1834	NA	NA
1835	NA	NA
1836	NA	NA
1837	NA	NA
1838	NA	NA
1839	NA	NA
1840	NA	NA
1841	NA	NA
1842	NA	NA
1843	NA	NA
1844	NA	NA
1845	NA	NA
1846	NA	NA
1847	NA	NA
1848	NA	NA
1849	NA	NA
1850	NA	NA
1851	NA	NA
1852	NA	NA
1853	NA	NA
1854	NA	NA
1855	NA	NA
1856	NA	NA
1857	NA	NA
1858	NA	NA
1859	NA	NA
1860	NA	NA
1861	NA	NA
1862	NA	NA
1863	NA	NA
1864	NA	NA
1865	NA	NA
1866	NA	NA
1867	NA	NA
1868	NA	NA
1869	NA	NA
1870	NA	NA
1871	NA	NA
1872	NA	NA
1873	NA	NA
1874	NA	NA
1875	NA	NA
1876	NA	NA
1877	NA	NA
1878	NA	NA
1879	NA	NA
1880	NA	NA
1881	NA	NA
1882	NA	NA
1883	NA	NA
1884	NA	NA
1885	NA	NA
1886	NA	NA
1887	NA	NA
1888	NA	NA
1889	NA	NA
1890	NA	NA
1891	NA	NA
1892	NA	NA
1893	NA	NA
1894	NA	NA
1895	NA	NA
1896	NA	NA
1897	NA	NA
1898	NA	NA
1899	NA	NA
1900	NA	NA
1901	NA	NA
1902	NA	NA
1903	NA	NA
1904	NA	NA
1905	NA	NA
1906	NA	NA
1907	NA	NA
1908	NA	NA
1909	NA	NA
1910	NA	NA
1911	NA	NA
1912	NA	NA
1913	NA	NA
1914	NA	NA
1915	NA	NA
1916	NA	NA
1917	NA	NA
1918	NA	NA
1919	NA	NA
1920	NA	NA
1921	NA	NA
1922	NA	NA
1923	NA	NA
1924	NA	NA
1925	NA	NA
1926	NA	NA
1927	NA	NA
1928	NA	NA
1929	NA	NA
1930	NA	NA
1931	NA	NA
1932	NA	NA
1933	NA	NA
1934	NA	NA
100021	1049	1050
100022	1051	1052
100031	1053	1054
100032	1055	1056
100041	1057	1058
100042	1059	1060
100051	1061	1062
100052	1063	1064
100071	1065	1066
100072	1067	1068
100081	1069	1070
100082	1071	1072
100091	1073	1074
100092	1075	1076
100101	1077	1078
100102	1079	1080
100121	1081	1082
100122	1083	1084
100141	1085	1086
100142	1087	1088
100151	1089	1090
100152	1091	1092
100161	1093	1094
100162	1095	1096
100171	1097	1098
100172	1099	1100
100181	1101	1102
100182	1103	1104
100191	1105	1106
100192	1107	1108
100201	1109	1110
100202	1111	1112
100211	1113	1114
100212	1115	1116
100221	1117	1118
100222	1119	1120
100231	1121	1122
100232	1123	1124
100251	1125	1126
100252	1127	1128
100261	1129	1130
100262	1131	1132
100281	1133	1134
100282	1135	1136
100291	1137	1138
100292	1139	1140
100301	1141	1142
100302	1143	1144
100311	1145	1146
100312	1147	1148
100321	1149	1150
100322	1151	1152
100341	1153	1154
100342	1155	1156
100351	1157	1158
100352	1159	1160
100361	1161	1162
100362	1163	1164
100371	1165	1166
100372	1167	1168
100381	1169	1170
100382	1171	1172
100391	1173	1174
100392	1175	1176
100401	1177	1178
100402	1179	1180
100411	1181	1182
100412	1183	1184
100421	1185	1186
100422	1187	1188
100431	1189	1190
100432	1191	1192
100441	1193	1194
100442	1195	1196
100451	1197	1198
100452	1199	1200
100461	1201	1202
100462	1203	1204
100471	1205	1206
100472	1207	1208
100491	1209	1210
100492	1211	1212
100501	1213	1214
100502	1215	1216
100511	1217	1218
100512	1219	1220
100521	1221	1222
100522	1223	1224
100541	1225	1226
100542	1227	1228
100551	1229	1230
100552	1231	1232
100561	1233	1234
100562	1235	1236
100571	1237	1238
100572	1239	1240
100581	1241	1242
100582	1243	1244
100591	1245	1246
100592	1247	1248
100601	1249	1250
100602	1251	1252
100611	1253	1254
100612	1255	1256
100621	1257	1258
100622	1259	1260
100631	1261	1262
100632	1263	1264
100641	1265	1266
100642	1267	1268
100651	1269	1270
100652	1271	1272
100661	1273	1274
100662	1275	1276
100671	1277	1278
100672	1279	1280
100681	1281	1282
100682	1283	1284
100691	1285	1286
100692	1287	1288
100701	1289	1290
100702	1291	1292
100711	1293	1294
100712	1295	1296
100721	1297	1298
100722	1299	1300
100731	1301	1302
100732	1303	1304
100741	1305	1306
100742	1307	1308
100751	1309	1310
100752	1311	1312
100761	1313	1314
100762	1315	1316
100771	1317	1318
100772	1319	1320
100781	1321	1322
100782	1323	1324
100791	1325	1326
100792	1327	1328
100801	1329	1330
100802	1331	1332
100831	1333	1334
100832	1335	1336
100841	1337	1338
100842	1339	1340
100851	1341	1342
100852	1343	1344
100861	1345	1346
100862	1347	1348
100871	1349	1350
100872	1351	1352
100881	1353	1354
100882	1355	1356
100891	1357	1358
100892	1359	1360
100901	1361	1362
100902	1363	1364
100911	1365	1366
100912	1367	1368
100921	1369	1370
100922	1371	1372
100931	1373	1374
100932	1375	1376
100941	1377	1378
100942	1379	1380
100951	1381	1382
100952	1383	1384
100961	1385	1386
100962	1387	1388
100971	1389	1390
100972	1391	1392
100981	1393	1394
100982	1395	1396
100991	1397	1398
100992	1399	1400
101001	1401	1402
101002	1403	1404
101011	1405	1406
101012	1407	1408
101021	1409	1410
101022	1411	1412
101031	1413	1414
101032	1415	1416
101041	1417	1418
101042	1419	1420
101051	1421	1422
101052	1423	1424
101061	1425	1426
101062	1427	1428
101071	1429	1430
101072	1431	1432
101081	1433	1434
101082	1435	1436
101101	1437	1438
101102	1439	1440
101111	1441	1442
101112	1443	1444
101121	1445	1446
101122	1447	1448
101151	1449	1450
101152	1451	1452
101161	1453	1454
101162	1455	1456
101171	1457	1458
101172	1459	1460
101181	1461	1462
101182	1463	1464
101191	1465	1466
101192	1467	1468
101211	1469	1470
101212	1471	1472
101221	1473	1474
101222	1475	1476
101231	1477	1478
101232	1479	1480
101241	1481	1482
101242	1483	1484
101251	1485	1486
101252	1487	1488
101271	1489	1490
101272	1491	1492
101291	1493	1494
101292	1495	1496
101301	1497	1498
101302	1499	1500
101311	1501	1502
101312	1503	1504
101321	1505	1506
101322	1507	1508
101341	1509	1510
101342	1511	1512
101351	1513	1514
101352	1515	1516
101361	1517	1518
101362	1519	1520
101371	1521	1522
101372	1523	1524
101381	1525	1526
101382	1527	1528
101401	1529	1530
101402	1531	1532
101411	1533	1534
101412	1535	1536
101431	1537	1538
101432	1539	1540
101441	1541	1542
101442	1543	1544
101451	1545	1546
101452	1547	1548
101461	1549	1550
101462	1551	1552
101471	1553	1554
101472	1555	1556
101481	1557	1558
101482	1559	1560
101491	1561	1562
101492	1563	1564
101501	1565	1566
101502	1567	1568
101511	1569	1570
101512	1571	1572
101521	1573	1574
101522	1575	1576
101531	1577	1578
101532	1579	1580
101601	1581	1582
101602	1583	1584
101611	1585	1586
101612	1587	1588
101631	1589	1590
101632	1591	1592
101641	1593	1594
101642	1595	1596
101651	1597	1598
101652	1599	1600
101661	1601	1602
101662	1603	1604
102041	1605	1606
102042	1607	1608
102061	1609	1610
102062	1611	1612
102091	1613	1614
102092	1615	1616
102101	1617	1618
102102	1619	1620
102121	1621	1622
102122	1623	1624
102131	1625	1626
102132	1627	1628
102141	1629	1630
102142	1631	1632
102171	1633	1634
102172	1635	1636
102221	1637	1638
102222	1639	1640
102231	1641	1642
102232	1643	1644
102301	1645	1646
102302	1647	1648
102311	1649	1650
102312	1651	1652
102321	1653	1654
102322	1655	1656
102331	1657	1658
102332	1659	1660
102351	1661	1662
102352	1663	1664
102451	1665	1666
102452	1667	1668
102461	1669	1670
102462	1671	1672
102471	1673	1674
102472	1675	1676
102481	1677	1678
102482	1679	1680
102491	1681	1682
102492	1683	1684
102501	1685	1686
102502	1687	1688
102511	1689	1690
102512	1691	1692
102521	1693	1694
102522	1695	1696
102541	1697	1698
102542	1699	1700
102551	1701	1702
102552	1703	1704
200011	1	2
200012	100032	100031
200021	3	4
200022	101042	101041
200031	100022	100021
200032	100072	100071
200041	101612	101611
200042	101662	101661
200051	100262	100261
200052	101242	101241
200061	5	6
200062	101382	101381
200071	100432	100431
200072	100932	100931
200081	100022	100021
200082	101342	101341
200091	100082	100081
200092	100352	100351
200101	7	8
200102	101072	101071
200111	100392	100391
200112	9	10
200121	100302	100301
200122	11	12
200141	100392	100391
200142	13	14
200151	100932	100931
200152	15	16
200161	101152	101151
200162	17	18
200171	100122	100121
200172	100862	100861
200181	100072	100071
200182	100032	100031
200201	19	20
200202	100872	100871
200231	100302	100301
200232	21	22
200241	23	24
200242	25	26
200251	27	28
200252	102352	102351
200261	29	30
200262	100892	100891
200291	100082	100081
200292	101222	101221
200301	100182	100181
200302	101512	101511
200311	101662	101661
200312	100622	100621
200321	100152	100151
200322	31	32
200341	102512	102511
200342	100772	100771
200351	33	34
200352	101612	101611
200361	100862	100861
200362	101162	101161
200371	100162	100161
200372	101102	101101
200381	100302	100301
200382	100192	100191
200401	100082	100081
200402	100782	100781
200411	100302	100301
200412	101152	101151
200431	35	36
200432	101502	101501
200451	100372	100371
200452	100342	100341
200471	101112	101111
200472	101472	101471
200491	100082	100081
200492	101052	101051
200521	100462	100461
200522	102512	102511
200541	37	38
200542	100262	100261
200561	100042	100041
200562	101502	101501
200571	100982	100981
200572	100672	100671
200581	101162	101161
200582	100302	100301
200591	102482	102481
200592	101162	101161
200601	100322	100321
200602	100022	100021
200611	101012	101011
200612	100122	100121
200621	101022	101021
200622	100452	100451
200631	100202	100201
200632	101112	101111
200641	102482	102481
200642	101502	101501
200661	101102	101101
200662	39	40
200681	102332	102331
200682	101452	101451
200691	101612	101611
200692	101662	101661
200701	100922	100921
200702	100052	100051
200711	100842	100841
200712	101152	101151
200721	100782	100781
200722	100072	100071
200731	100952	100951
200732	100172	100171
200741	101002	101001
200742	101032	101031
200751	101082	101081
200752	41	42
200761	101042	101041
200762	102492	102491
200771	102482	102481
200772	43	44
200781	102332	102331
200782	100452	100451
200791	45	46
200792	101102	101101
200811	100282	100281
200812	100772	100771
200821	100442	100441
200822	101122	101121
200831	102522	102521
200832	101312	101311
200841	100162	100161
200842	100632	100631
200851	100412	100411
200852	47	48
200871	101242	101241
200872	100672	100671
200881	100502	100501
200882	102512	102511
200891	100592	100591
200892	100612	100611
200911	100052	100051
200912	100552	100551
200921	49	50
200922	102312	102311
200931	100262	100261
200932	102352	102351
200941	102042	102041
200942	100642	100641
200951	102042	102041
200952	101642	101641
200961	102042	102041
200962	100382	100381
200971	101012	101011
200972	51	52
200981	100892	100891
200982	102522	102521
200991	100962	100961
200992	101352	101351
201001	100542	100541
201002	100702	100701
201011	102542	102541
201012	100592	100591
201021	53	54
201022	100162	100161
201041	55	56
201042	102132	102131
201051	101452	101451
201052	100922	100921
201061	100562	100561
201062	57	58
201071	59	60
201072	102062	102061
201081	100162	100161
201082	100342	100341
201101	102552	102551
201102	100692	100691
201111	102042	102041
201112	100852	100851
201121	100542	100541
201122	102322	102321
201131	61	62
201132	100342	100341
201141	102482	102481
201142	100702	100701
201151	100292	100291
201152	101662	101661
201161	100072	100071
201162	63	64
201171	100202	100201
201172	101102	101101
201181	100722	100721
201182	100232	100231
201191	100702	100701
201192	101022	101021
201201	101452	101451
201202	101512	101511
201211	100022	100021
201212	100262	100261
201231	101492	101491
201232	65	66
201241	100502	100501
201242	100152	100151
201251	100162	100161
201252	101502	101501
201261	101642	101641
201262	100342	100341
201271	100512	100511
201272	100922	100921
201281	100552	100551
201282	102542	102541
201291	67	68
201292	100862	100861
201311	69	70
201312	101042	101041
201321	102132	102131
201322	101122	101121
201331	102042	102041
201332	100512	100511
201341	102042	102041
201342	100042	100041
201351	102172	102171
201352	102322	102321
201361	102092	102091
201362	71	72
201371	100882	100881
201372	100342	100341
201381	100852	100851
201382	100702	100701
201391	101112	101111
201392	73	74
201401	102522	102521
201402	75	76
201411	100182	100181
201412	77	78
201421	100182	100181
201422	79	80
201431	101402	101401
201432	81	82
201441	101062	101061
201442	102542	102541
201451	100182	100181
201452	100612	100611
201471	100502	100501
201472	101322	101321
201481	100772	100771
201482	102092	102091
201491	101382	101381
201492	101192	101191
201501	101382	101381
201502	101362	101361
201511	100232	100231
201512	100502	100501
201521	100182	100181
201522	100642	100641
201531	100422	100421
201532	102122	102121
201541	100202	100201
201542	100182	100181
201551	101452	101451
201552	100972	100971
201561	100942	100941
201562	101012	101011
201581	101322	101321
201582	100782	100781
201591	100502	100501
201592	100872	100871
201601	101412	101411
201602	101382	101381
201611	100732	100731
201612	101472	101471
201621	100192	100191
201622	101012	101011
201631	101272	101271
201632	100712	100711
201641	100422	100421
201642	100742	100741
201651	101322	101321
201652	100872	100871
201661	101522	101521
201662	83	84
201671	100612	100611
201672	100182	100181
201681	101432	101431
201682	100412	100411
201691	101432	101431
201692	100982	100981
201711	100942	100941
201712	101002	101001
201721	101462	101461
201722	100972	100971
201731	100882	100881
201732	100712	100711
201741	100582	100581
201742	100742	100741
201751	100492	100491
201752	100892	100891
201761	100492	100491
201762	102132	102131
201771	101022	101021
201772	100632	100631
201781	100692	100691
201782	101212	101211
201791	100422	100421
201792	100662	100661
201801	101192	101191
201802	100042	100041
201811	101222	101221
201812	101002	101001
201821	100502	100501
201822	85	86
201831	101362	101361
201832	101252	101251
201841	87	88
201842	102322	102321
201851	101182	101181
201852	100672	100671
201861	100732	100731
201862	102542	102541
201871	100722	100721
201872	89	90
201881	100902	100901
201882	100182	100181
201891	101062	101061
201892	101222	101221
201901	100602	100601
201902	100542	100541
201911	101272	101271
201912	102512	102511
201921	100682	100681
201922	100522	100521
201931	100492	100491
201932	102062	102061
201941	100562	100561
201942	91	92
201951	101322	101321
201952	100282	100281
201961	100512	100511
201962	100602	100601
201971	100602	100601
201972	102062	102061
201981	102232	102231
201982	100792	100791
201991	101222	101221
201992	100612	100611
202001	100852	100851
202002	93	94
202021	100172	100171
202022	100522	100521
202031	101252	101251
202032	100172	100171
202041	95	96
202042	100172	100171
202051	101372	101371
202052	97	98
202061	101342	101341
202062	100842	100841
202071	99	100
202072	102322	102321
202081	101212	101211
202082	100382	100381
202091	100692	100691
202092	100952	100951
202101	100692	100691
202102	100902	100901
202111	100682	100681
202112	100142	100141
202121	100552	100551
202122	101032	101031
202131	101352	101351
202132	101472	101471
202141	100722	100721
202142	101632	101631
202151	101412	101411
202152	101212	101211
202161	100712	100711
202162	102492	102491
202171	101	102
202172	100772	100771
202181	100762	100761
202182	100712	100711
202191	101222	101221
202192	101472	101471
202201	101322	101321
202202	101352	101351
202211	101312	101311
202212	100692	100691
202221	100662	100661
202222	100752	100751
202231	100452	100451
202232	103	104
202241	101432	101431
202242	100732	100731
202251	101252	101251
202252	101002	101001
202261	100672	100671
202262	101362	101361
202271	101462	101461
202272	101312	101311
202281	100192	100191
202282	101192	101191
202291	100092	100091
202292	100282	100281
202301	105	106
202302	102492	102491
202311	100732	100731
202312	102092	102091
202321	107	108
202322	101252	101251
202331	100352	100351
202332	101152	101151
202341	109	110
202342	102222	102221
202391	100562	100561
202392	100232	100231
202431	102552	102551
202432	100932	100931
202461	101532	101531
202462	101292	101291
202471	101522	101521
202472	100292	100291
202481	101642	101641
202482	100322	100321
202491	100422	100421
202492	100922	100921
202501	101232	101231
202502	101252	101251
202511	101272	101271
202512	100662	100661
202531	101242	101241
202532	100122	100121
202541	100872	100871
202542	101492	101491
202551	100642	100641
202552	101032	101031
202561	101512	101511
202562	100312	100311
202571	101062	101061
202572	100202	100201
202581	101402	101401
202582	102122	102121
202591	100662	100661
202592	101242	101241
202601	100762	100761
202602	111	112
202611	100762	100761
202612	101532	101531
202621	102302	102301
202622	102522	102521
202631	101642	101641
202632	100122	100121
202641	101522	101521
202642	100362	100361
202651	101172	101171
202652	101512	101511
202661	100972	100971
202662	100562	100561
202671	101522	101521
202672	100762	100761
202681	100882	100881
202682	100942	100941
202691	101052	101051
202692	113	114
202711	100452	100451
202712	102142	102141
202721	102312	102311
202722	101492	101491
202731	101312	101311
202732	100612	100611
202741	101292	101291
202742	115	116
202751	101402	101401
202752	100102	100101
202761	101112	101111
202762	100312	100311
202771	100982	100981
202772	100152	100151
202781	101232	101231
202782	100522	100521
202791	101372	101371
202792	117	118
202801	100292	100291
202802	101302	101301
202811	100652	100651
202812	100522	100521
202821	100592	100591
202822	100432	100431
202831	100842	100841
202832	101342	101341
202851	101032	101031
202852	100232	100231
202861	100952	100951
202862	100042	100041
202871	100942	100941
202872	100492	100491
202881	100032	100031
202882	100542	100541
OA42_2010	200011	200012
OA44_2010	200011	200012
OA47_2010	200011	200012
OA49_2010	200011	200012
OA50_2010	200011	200012
OA52_2010	200011	200012
OA73_2010	200011	200012
OA91_2010	200011	200012
OA37_2010	200021	200022
OA46_2010	200021	200022
OA54_2010	200021	200022
OA56_2010	200021	200022
OA57_2010	200021	200022
OA58_2010	200021	200022
OA60_2010	200021	200022
OA64_2010	200021	200022
OA66_2010	200021	200022
OA69_2010	200021	200022
OA72_2010	200021	200022
OA76_2010	200021	200022
OA80_2010	200021	200022
OA85_2010	200021	200022
OA86_2010	200021	200022
OA90_2010	200021	200022
OA39_2010	200031	200032
OA53_2010	200031	200032
OA55_2010	200031	200032
OA59_2010	200031	200032
OA61_2010	200031	200032
OA79_2010	200031	200032
OA87_2010	200031	200032
OA62_2010	200041	200042
OA75_2010	200041	200042
OA78_2010	200041	200042
OA81_2010	200041	200042
OA93_2010	200041	200042
YJ51_2010	200041	200042
OA41_2010	200051	200052
OA43_2010	200051	200052
OA45_2010	200051	200052
OA63_2010	200051	200052
OA65_2010	200051	200052
OA67_2010	200051	200052
OA68_2010	200051	200052
OA77_2010	200051	200052
OA82_2010	200051	200052
OA89_2010	200051	200052
OA92_2010	200051	200052
OA94_2010	200051	200052
OA95_2010	200051	200052
OA88_2010	200061	200062
OA51_2010	200071	200072
OA71_2010	200071	200072
OA83_2010	200071	200072
OA84_2010	200071	200072
YC01_2010	200081	200082
YC03_2010	200081	200082
YC05_2010	200081	200082
YC09_2010	200081	200082
YC10_2010	200081	200082
YC13_2010	200081	200082
YC14_2010	200081	200082
YC15_2010	200081	200082
YC16_2010	200081	200082
YC17_2010	200081	200082
YC19_2010	200081	200082
YC22_2010	200081	200082
YC24_2010	200081	200082
YC30_2010	200081	200082
YC35_2010	200081	200082
YC38_2010	200081	200082
YC42_2010	200081	200082
YC44_2010	200081	200082
YC45_2010	200081	200082
YC54_2010	200081	200082
YC56_2010	200081	200082
YC12_2010	200091	200092
YC32_2010	200091	200092
YC36_2010	200091	200092
YC46_2010	200091	200092
YC48_2010	200091	200092
YC08_2010	200101	200102
YC41_2010	200101	200102
YC00_2010	200111	200112
YC04_2010	200111	200112
YC26_2010	200111	200112
YC31_2010	200111	200112
YC33_2010	200111	200112
YC34_2010	200111	200112
YC47_2010	200111	200112
YC52_2010	200111	200112
YC58_2010	200111	200112
YC07_2010	200121	200122
YC11_2010	200121	200122
YC29_2010	200121	200122
YC59_2010	200121	200122
YC20_2010	200141	200142
YC21_2010	200141	200142
YC23_2010	200141	200142
YC27_2010	200141	200142
YC28_2010	200141	200142
YC37_2010	200141	200142
YC40_2010	200141	200142
YC50_2010	200141	200142
YC53_2010	200141	200142
YC55_2010	200141	200142
YC57_2010	200141	200142
YC25_2010	200151	200152
YC39_2010	200151	200152
YC43_2010	200151	200152
YC49_2010	200151	200152
YC51_2010	200151	200152
OB03_2010	200171	200172
OB04_2010	200171	200172
OB10_2010	200171	200172
OB21_2010	200171	200172
OB23_2010	200171	200172
OB24_2010	200171	200172
OB25_2010	200171	200172
OB28_2010	200171	200172
OB29_2010	200171	200172
OB31_2010	200171	200172
OB33_2010	200171	200172
OB38_2010	200171	200172
OY01_2010	200171	200172
O41D_2010	200181	200182
OB05_2010	200181	200182
OB08_2010	200181	200182
OB18_2010	200181	200182
OB20_2010	200181	200182
OB02_2010	200201	200202
OB07_2010	200201	200202
OB12_2010	200201	200202
OB14_2010	200201	200202
OB17_2010	200201	200202
OB26_2010	200201	200202
OB27_2010	200201	200202
OB30_2010	200201	200202
OB36_2010	200201	200202
OB00_2010	200231	200232
OB09_2010	200231	200232
OB32_2010	200231	200232
OB37_2010	200231	200232
OB39_2010	200231	200232
OB35_2010	200241	200242
OF82_2010	200251	200252
YD48_2010	200261	200262
YD04_2010	200291	200292
YD06_2010	200291	200292
YD21_2010	200291	200292
YD24_2010	200291	200292
YD34_2010	200291	200292
YD43_2010	200291	200292
YD58_2010	200291	200292
YD15_2010	200301	200302
YD28_2010	200301	200302
YD33_2010	200301	200302
YD36_2010	200301	200302
YD37_2010	200301	200302
YD50_2010	200301	200302
YD53_2010	200301	200302
YD54_2010	200301	200302
YD55_2010	200301	200302
YK34_2010	200301	200302
YK52_2010	200301	200302
YD14_2010	200311	200312
YD22_2010	200311	200312
YD39_2010	200311	200312
OF37_2010	200321	200322
OF47_2010	200341	200342
OF53_2010	200341	200342
YD01_2010	200351	200352
YD02_2010	200351	200352
YD03_2010	200351	200352
YD05_2010	200351	200352
YD08_2010	200351	200352
YD12_2010	200351	200352
YD13_2010	200351	200352
YD16_2010	200351	200352
YD18_2010	200351	200352
YD23_2010	200351	200352
YD26_2010	200351	200352
YD27_2010	200351	200352
YD29_2010	200351	200352
YD30_2010	200351	200352
YD32_2010	200351	200352
YD42_2010	200351	200352
YD44_2010	200351	200352
YD47_2010	200351	200352
YD51_2010	200351	200352
YD52_2010	200351	200352
YD09_2010	200361	200362
YD17_2010	200361	200362
YD20_2010	200361	200362
YD40_2010	200361	200362
OF26_2010	200371	200372
OF27_2010	200371	200372
OF28_2010	200371	200372
OF29_2010	200371	200372
OF30_2010	200371	200372
OF32_2010	200371	200372
OF34_2010	200371	200372
OF36_2010	200371	200372
OF38_2010	200371	200372
OF43_2010	200371	200372
OF48_2010	200371	200372
OF60_2010	200371	200372
OF63_2010	200371	200372
OF66_2010	200371	200372
OF67_2010	200371	200372
OF71_2010	200371	200372
OF74_2010	200371	200372
YJ47_2010	200371	200372
YD10_2010	200381	200382
YD11_2010	200381	200382
YD25_2010	200381	200382
YD35_2010	200381	200382
YD41_2010	200381	200382
YD45_2010	200381	200382
YD46_2010	200381	200382
YD57_2010	200381	200382
YD00_2010	200401	200402
YD07_2010	200401	200402
YD19_2010	200401	200402
YD31_2010	200401	200402
YD56_2010	200401	200402
YD59_2010	200401	200402
OF35_2010	200411	200412
OF40_2010	200411	200412
OF44_2010	200411	200412
OF49_2010	200411	200412
OF50_2010	200411	200412
OF75_2010	200411	200412
OF41_2010	200431	200432
OF51_2010	200431	200432
OF68_2010	200431	200432
OF79_2010	200431	200432
OF31_2010	200451	200452
OF33_2010	200451	200452
OF39_2010	200451	200452
OF46_2010	200451	200452
OF52_2010	200451	200452
OF54_2010	200451	200452
OF55_2010	200451	200452
OF56_2010	200451	200452
OF58_2010	200451	200452
OF59_2010	200451	200452
OF61_2010	200451	200452
OF64_2010	200451	200452
OF65_2010	200451	200452
OF69_2010	200451	200452
OF73_2010	200451	200452
OF76_2010	200451	200452
OF77_2010	200451	200452
OF78_2010	200451	200452
OF80_2010	200451	200452
OF81_2010	200451	200452
OF83_2010	200451	200452
OF84_2010	200451	200452
OF85_2010	200451	200452
OF42_2010	200471	200472
OF72_2010	200471	200472
OF57_2010	200491	200492
OF70_2010	200491	200492
YJ01_2010	200521	200522
YJ11_2010	200521	200522
YJ32_2010	200521	200522
YJ52_2010	200521	200522
YJ70_2010	200521	200522
YJ75_2010	200521	200522
Y01A_2010	200541	200542
YJ02_2010	200541	200542
YJ16_2010	200541	200542
YJ22_2010	200541	200542
YJ23_2010	200541	200542
YJ25_2010	200541	200542
YJ29_2010	200541	200542
YJ72_2010	200541	200542
OT20_2010	200561	200562
OT31_2010	200561	200562
OT34_2010	200561	200562
YJ06_2010	200571	200572
YJ20_2010	200571	200572
YJ37_2010	200571	200572
YJ39_2010	200571	200572
YJ46_2010	200571	200572
YJ54_2010	200571	200572
YJ56_2010	200571	200572
YJ58_2010	200571	200572
YJ68_2010	200571	200572
OT00_2010	200581	200582
OT12_2010	200581	200582
OT14_2010	200581	200582
OT18_2010	200581	200582
OT27_2010	200581	200582
OT32_2010	200581	200582
OT36_2010	200581	200582
OT01_2010	200591	200592
OT03_2010	200591	200592
OT05_2010	200591	200592
OT19_2010	200591	200592
OT21_2010	200591	200592
OT25_2010	200591	200592
OT29_2010	200591	200592
OT33_2010	200591	200592
OT35_2010	200591	200592
OT02_2010	200601	200602
OT04_2010	200601	200602
OT17_2010	200601	200602
OT26_2010	200601	200602
OT08_2010	200611	200612
OT10_2010	200611	200612
OT15_2010	200611	200612
OT22_2010	200611	200612
OT28_2010	200611	200612
OT39_2010	200611	200612
OT11_2010	200621	200622
OT16_2010	200621	200622
OT24_2010	200621	200622
OT06_2010	200631	200632
OT38_2010	200631	200632
YJ00_2010	200641	200642
YJ10_2010	200641	200642
YJ38_2010	200641	200642
YJ57_2010	200641	200642
YJ64_2010	200641	200642
YJ69_2010	200641	200642
YJ74_2010	200641	200642
OT09_2010	200661	200662
OT13_2010	200661	200662
OT37_2010	200661	200662
O44D_2010	200681	200682
YJ04_2010	200681	200682
YJ09_2010	200681	200682
YJ14_2010	200681	200682
YJ26_2010	200681	200682
YJ28_2010	200681	200682
YJ30_2010	200681	200682
YJ33_2010	200681	200682
YJ36_2010	200681	200682
YJ44_2010	200681	200682
YJ53_2010	200681	200682
YJ55_2010	200681	200682
YJ59_2010	200681	200682
YJ60_2010	200681	200682
YJ62_2010	200681	200682
YJ65_2010	200681	200682
YJ67_2010	200681	200682
YJ71_2010	200681	200682
YJ05_2010	200691	200692
YJ13_2010	200691	200692
YJ15_2010	200691	200692
YJ17_2010	200691	200692
YJ21_2010	200691	200692
YJ24_2010	200691	200692
YJ27_2010	200691	200692
YJ31_2010	200691	200692
YJ34_2010	200691	200692
YJ40_2010	200691	200692
YJ41_2010	200691	200692
YJ42_2010	200691	200692
YJ48_2010	200691	200692
YJ50_2010	200691	200692
YJ61_2010	200691	200692
YJ63_2010	200691	200692
YJ66_2010	200691	200692
YJ73_2010	200691	200692
OV01_2010	200721	200722
OV03_2010	200721	200722
OV04_2010	200721	200722
OV06_2010	200721	200722
OV09_2010	200721	200722
OV11_2010	200721	200722
OV13_2010	200721	200722
OV15_2010	200721	200722
OV18_2010	200721	200722
OV20_2010	200721	200722
OV23_2010	200721	200722
OV24_2010	200721	200722
OV26_2010	200721	200722
OV36_2010	200721	200722
OV39_2010	200721	200722
OV00_2010	200731	200732
OV02_2010	200731	200732
OV19_2010	200731	200732
OV28_2010	200731	200732
OV32_2010	200731	200732
OV35_2010	200731	200732
OV38_2010	200731	200732
YH32_2010	200741	200742
YH53_2010	200741	200742
YH62_2010	200741	200742
YH01_2010	200751	200752
YH02_2010	200761	200762
YH17_2010	200761	200762
YH23_2010	200761	200762
YH27_2010	200761	200762
YH43_2010	200761	200762
YH44_2010	200761	200762
YH47_2010	200761	200762
YH48_2010	200761	200762
YH50_2010	200761	200762
YH51_2010	200761	200762
YH00_2010	200771	200772
YH08_2010	200771	200772
YH11_2010	200771	200772
YH13_2010	200771	200772
YH18_2010	200771	200772
YH22_2010	200771	200772
YH28_2010	200771	200772
YH29_2010	200771	200772
YH30_2010	200771	200772
YH31_2010	200771	200772
YH45_2010	200771	200772
YH46_2010	200771	200772
YH57_2010	200771	200772
YH25_2010	200781	200782
Y00A_2010	200791	200792
YH03_2010	200791	200792
YH14_2010	200791	200792
YH19_2010	200791	200792
YH20_2010	200791	200792
YH33_2010	200791	200792
YH34_2010	200791	200792
YH35_2010	200791	200792
YH49_2010	200791	200792
YH52_2010	200791	200792
YH54_2010	200791	200792
YH56_2010	200791	200792
YH59_2010	200791	200792
YH04_2010	200821	200822
YH21_2010	200821	200822
YH24_2010	200821	200822
YH26_2010	200821	200822
YH40_2010	200821	200822
YH41_2010	200821	200822
YH12_2010	200831	200832
YH15_2010	200831	200832
YH16_2010	200831	200832
YH36_2010	200831	200832
YH37_2010	200831	200832
YH38_2010	200831	200832
YH38_2010	200831	200832
YH55_2010	200831	200832
YH58_2010	200831	200832
YE36_2010	200841	200842
YE45_2010	200841	200842
YE57_2010	200841	200842
YE59_2010	200841	200842
YE60_2010	200841	200842
YE62_2010	200841	200842
YE65_2010	200841	200842
YE68_2010	200841	200842
YE82_2010	200841	200842
YE83_2010	200841	200842
YE89_2010	200841	200842
YE90_2010	200841	200842
YE43_2010	200851	200852
YE53_2010	200851	200852
YE75_2010	200851	200852
YE77_2010	200851	200852
YE84_2010	200851	200852
YE85_2010	200851	200852
YE35_2010	200871	200872
YE39_2010	200871	200872
YE48_2010	200871	200872
YE51_2010	200871	200872
YE67_2010	200871	200872
YE69_2010	200871	200872
YE76_2010	200871	200872
YE80_2010	200871	200872
YE81_2010	200871	200872
YE88_2010	200871	200872
YE92_2010	200871	200872
YE93_2010	200871	200872
YE74_2010	200881	200882
YE87_2010	200881	200882
YE91_2010	200881	200882
YE61_2010	200891	200892
YE66_2010	200891	200892
YE70_2010	200891	200892
YE72_2010	200891	200892
YE56_2010	200921	200922
YE37_2010	200931	200932
YE38_2010	200931	200932
YE40_2010	200931	200932
YE41_2010	200931	200932
YE42_2010	200931	200932
YE44_2010	200931	200932
YE46_2010	200931	200932
YE47_2010	200931	200932
YE49_2010	200931	200932
YE50_2010	200931	200932
YE52_2010	200931	200932
YE54_2010	200931	200932
YE55_2010	200931	200932
YE63_2010	200931	200932
YE71_2010	200931	200932
YE73_2010	200931	200932
YE78_2010	200931	200932
YE79_2010	200931	200932
YE94_2010	200931	200932
OV10_2010	200941	200942
OV27_2010	200941	200942
OV29_2010	200941	200942
OV37_2010	200941	200942
OV40_2010	200941	200942
OV21_2010	200951	200952
OV31_2010	200951	200952
OV33_2010	200951	200952
OV34_2010	200951	200952
OV16_2010	200961	200962
OV22_2010	200961	200962
OV30_2010	200961	200962
OY32_2010	200971	200972
OY04_2010	200981	200982
OY26_2010	200981	200982
OY33_2010	200981	200982
OY06_2010	200991	200992
OY31_2010	200991	200992
OY38_2010	200991	200992
OY34_2010	201001	201002
OY35_2010	201001	201002
OY10_2010	201011	201012
OY16_2010	201011	201012
OY19_2010	201011	201012
OY20_2010	201011	201012
OY39_2010	201011	201012
OY00_2010	201021	201022
OY03_2010	201021	201022
OY05_2010	201021	201022
OY08_2010	201021	201022
OY12_2010	201021	201022
OY14_2010	201021	201022
OY15_2010	201021	201022
OY21_2010	201021	201022
OY22_2010	201021	201022
OY23_2010	201021	201022
OY24_2010	201021	201022
OY25_2010	201021	201022
OY30_2010	201021	201022
OY36_2010	201021	201022
OY37_2010	201021	201022
OY07_2010	201041	201042
YI09_2010	201051	201052
YI43_2010	201051	201052
YI44_2010	201051	201052
YI59_2010	201061	201062
YI61_2010	201061	201062
YI67_2010	201061	201062
YI69_2010	201061	201062
YI15_2010	201061	201062
YI19_2010	201061	201062
YI23_2010	201061	201062
YI25_2010	201061	201062
YI26_2010	201061	201062
YI27_2010	201061	201062
YI33_2010	201061	201062
YI34_2010	201061	201062
YI37_2010	201061	201062
YI53_2010	201061	201062
YI55_2010	201061	201062
YI05_2010	201071	201072
YI10_2010	201071	201072
YI16_2010	201071	201072
YI46_2010	201071	201072
YI47_2010	201071	201072
YI58_2010	201081	201082
YI60_2010	201081	201082
YI64_2010	201081	201082
YI68_2010	201081	201082
YI70_2010	201081	201082
YI00_2010	201081	201082
YI13_2010	201081	201082
YI22_2010	201081	201082
YI28_2010	201081	201082
YI29_2010	201081	201082
YI36_2010	201081	201082
YI38_2010	201081	201082
YI39_2010	201081	201082
YI48_2010	201081	201082
YI49_2010	201081	201082
YI50_2010	201081	201082
YI52_2010	201081	201082
YI57_2010	201081	201082
YI74_2010	201081	201082
OO16_2010	201101	201102
OO05_2010	201111	201112
OO06_2010	201111	201112
OO08_2010	201111	201112
OO09_2010	201111	201112
OO10_2010	201111	201112
OO11_2010	201111	201112
OO13_2010	201111	201112
OO14_2010	201111	201112
OO15_2010	201111	201112
OO17_2010	201111	201112
OO20_2010	201111	201112
OO24_2010	201111	201112
OO27_2010	201111	201112
OO29_2010	201111	201112
OO33_2010	201111	201112
OO34_2010	201111	201112
OO37_2010	201111	201112
OO38_2010	201111	201112
OO39_2010	201111	201112
OO43_2010	201111	201112
OO46_2010	201111	201112
OO50_2010	201111	201112
OO51_2010	201111	201112
OO52_2010	201111	201112
OO60_2010	201111	201112
OO61_2010	201111	201112
OO62_2010	201111	201112
OO63_2010	201111	201112
OO65_2010	201111	201112
OO66_2010	201111	201112
OO69_2010	201111	201112
OO72_2010	201111	201112
OO75_2010	201111	201112
YN30_2010	201111	201112
YI72_2010	201121	201122
YI32_2010	201121	201122
OO53_2010	201131	201132
OO04_2010	201141	201142
OO19_2010	201141	201142
OO32_2010	201141	201142
OO64_2010	201141	201142
YN23_2010	201141	201142
YI71_2010	201151	201152
YI63_2010	201151	201152
YI35_2010	201161	201162
YI40_2010	201161	201162
YI45_2010	201161	201162
YI76_2010	201161	201162
OO44_2010	201171	201172
YI62_2010	201181	201182
YI66_2010	201181	201182
YI73_2010	201181	201182
YI01_2010	201181	201182
YI02_2010	201181	201182
YI04_2010	201181	201182
YI07_2010	201181	201182
YI08_2010	201181	201182
YI11_2010	201181	201182
YI12_2010	201181	201182
YI17_2010	201181	201182
YI18_2010	201181	201182
YI42_2010	201181	201182
YI51_2010	201181	201182
YI54_2010	201181	201182
YI56_2010	201181	201182
YI75_2010	201181	201182
YI77_2010	201181	201182
OO28_2010	201201	201202
OO67_2010	201201	201202
OO00_2010	201211	201212
OO03_2010	201211	201212
OO07_2010	201211	201212
OO18_2010	201211	201212
OO26_2010	201211	201212
OO36_2010	201211	201212
OO40_2010	201211	201212
OO45_2010	201211	201212
OO48_2010	201211	201212
OO54_2010	201211	201212
OO55_2010	201211	201212
OO57_2010	201211	201212
OO58_2010	201211	201212
OO71_2010	201211	201212
OO73_2010	201211	201212
YN02_2010	201241	201242
YN20_2010	201241	201242
YN22_2010	201241	201242
YN32_2010	201241	201242
YN61_2010	201241	201242
YN03_2010	201251	201252
YN09_2010	201251	201252
YN24_2010	201251	201252
YN25_2010	201251	201252
YN29_2010	201251	201252
YN52_2010	201251	201252
YN58_2010	201251	201252
YN27_2010	201261	201262
YN53_2010	201261	201262
YN07_2010	201271	201272
YN11_2010	201271	201272
YN12_2010	201271	201272
YN14_2010	201271	201272
YN16_2010	201271	201272
YN31_2010	201271	201272
YN33_2010	201271	201272
YN37_2010	201271	201272
YN59_2010	201271	201272
YN67_2010	201271	201272
YN68_2010	201271	201272
YN39_2010	201281	201282
YN65_2010	201281	201282
OO23_2010	201291	201292
OO41_2010	201291	201292
YN00_2010	201321	201322
YN01_2010	201321	201322
YN04_2010	201321	201322
YN05_2010	201321	201322
YN06_2010	201321	201322
YN10_2010	201321	201322
YN13_2010	201321	201322
YN17_2010	201321	201322
YN18_2010	201321	201322
YN26_2010	201321	201322
YN28_2010	201321	201322
YN34_2010	201321	201322
YN36_2010	201321	201322
YN38_2010	201321	201322
YN49_2010	201321	201322
YN50_2010	201321	201322
YN51_2010	201321	201322
YN54_2010	201321	201322
YN55_2010	201321	201322
YN56_2010	201321	201322
YN57_2010	201321	201322
YN60_2010	201321	201322
YN62_2010	201321	201322
YN63_2010	201321	201322
YN64_2010	201321	201322
YN66_2010	201321	201322
OO12_2010	201331	201332
OO21_2010	201331	201332
OO22_2010	201331	201332
OO25_2010	201331	201332
OO35_2010	201331	201332
OO42_2010	201331	201332
OO47_2010	201331	201332
OO59_2010	201331	201332
OO68_2010	201331	201332
OO70_2010	201331	201332
OO74_2010	201331	201332
OO30_2010	201341	201342
OO31_2010	201341	201342
OO49_2010	201341	201342
YN21_2010	201341	201342
OY02_2010	201351	201352
OY13_2010	201351	201352
OY27_2010	201351	201352
OY28_2010	201351	201352
OY29_2010	201351	201352
YK13_2010	201361	201362
OG00_2010	201371	201372
OG12_2010	201371	201372
OG19_2010	201371	201372
OG21_2010	201371	201372
OG23_2010	201371	201372
OG28_2010	201371	201372
OG29_2010	201371	201372
OG31_2010	201371	201372
OG43_2010	201371	201372
OG47_2010	201371	201372
OG48_2010	201371	201372
OG49_2010	201371	201372
OG26_2010	201381	201382
OG27_2010	201381	201382
OG52_2010	201381	201382
OG16_2010	201391	201392
OG44_2010	201391	201392
OG41_2010	201401	201402
OG51_2010	201411	201412
OG02_2010	201421	201422
OG03_2010	201421	201422
OG04_2010	201421	201422
OG10_2010	201421	201422
OG13_2010	201421	201422
OG14_2010	201421	201422
OG18_2010	201421	201422
OG25_2010	201421	201422
OG34_2010	201421	201422
OG36_2010	201421	201422
OG37_2010	201421	201422
OG38_2010	201421	201422
OG40_2010	201421	201422
OG50_2010	201421	201422
OG53_2010	201421	201422
YK12_2010	201431	201432
YK31_2010	201431	201432
YK42_2010	201431	201432
YK47_2010	201431	201432
YK49_2010	201431	201432
YK53_2010	201431	201432
YK54_2010	201431	201432
YK55_2010	201431	201432
YK30_2010	201441	201442
YK10_2010	201451	201452
YK22_2010	201451	201452
YK24_2010	201451	201452
YK33_2010	201451	201452
YK37_2010	201451	201452
YK46_2010	201451	201452
YK48_2010	201451	201452
YK11_2010	201471	201472
YK35_2010	201471	201472
YK36_2010	201471	201472
YK38_2010	201471	201472
YK41_2010	201471	201472
YK43_2010	201471	201472
YK50_2010	201471	201472
YK29_2010	201481	201482
YK51_2010	201491	201492
YK23_2010	201501	201502
YK27_2010	201501	201502
YK39_2010	201501	201502
OG01_2010	201511	201512
OG08_2010	201511	201512
OG24_2010	201511	201512
OG32_2010	201511	201512
OG33_2010	201511	201512
OG39_2010	201511	201512
OG46_2010	201511	201512
OG54_2010	201511	201512
O08D_2010	201521	201522
OG06_2010	201521	201522
OG07_2010	201521	201522
OG20_2010	201521	201522
YP02_2010	201531	201532
YP15_2010	201531	201532
YP41_2010	201531	201532
O57D_2010	201541	201542
YP00_2010	201541	201542
YP03_2010	201541	201542
YP08_2010	201541	201542
YP11_2010	201541	201542
YP13_2010	201541	201542
YP24_2010	201541	201542
YP33_2010	201541	201542
YP34_2010	201541	201542
YP38_2010	201541	201542
YP39_2010	201541	201542
YP04_2010	201551	201552
YP10_2010	201551	201552
YP12_2010	201551	201552
YP29_2010	201551	201552
YP35_2010	201551	201552
YP40_2010	201551	201552
O51D_2010	201561	201562
YP05_2010	201561	201562
YP06_2010	201561	201562
YP21_2010	201561	201562
YP26_2010	201561	201562
YK32_2010	201581	201582
YK40_2010	201581	201582
YP16_2010	201581	201582
YP37_2010	201581	201582
YP22_2010	201591	201592
YP25_2010	201591	201592
YP28_2010	201591	201592
YP27_2010	201601	201602
YP19_2010	201611	201612
YP30_2010	201611	201612
OL00_2010	201621	201622
OL12_2010	201621	201622
OL15_2010	201621	201622
OL18_2010	201621	201622
OL19_2010	201621	201622
OL10_2010	201631	201632
OL13_2010	201631	201632
OL17_2010	201631	201632
OL24_2010	201631	201632
OL01_2010	201651	201652
OL02_2010	201651	201652
OL04_2010	201651	201652
OL07_2010	201651	201652
OL09_2010	201651	201652
OL16_2010	201651	201652
OL20_2010	201651	201652
OL28_2010	201651	201652
OL29_2010	201651	201652
OL32_2010	201651	201652
OL34_2010	201651	201652
YP36_2010	201651	201652
YS34_2010	201651	201652
OL14_2010	201661	201662
OL25_2010	201661	201662
OL30_2010	201661	201662
YS42_2010	201661	201662
O37D_2010	201671	201672
OL22_2010	201681	201682
OL27_2010	201681	201682
OL05_2010	201691	201692
OL06_2010	201691	201692
OL11_2010	201691	201692
OL23_2010	201691	201692
OL31_2010	201691	201692
OM00_2010	201711	201712
OM02_2010	201711	201712
OM07_2010	201711	201712
OM13_2010	201711	201712
OM22_2010	201711	201712
OM25_2010	201711	201712
OM28_2010	201711	201712
OM33_2010	201711	201712
Y86A_2010	201711	201712
OM04_2010	201721	201722
OM20_2010	201721	201722
OM21_2010	201721	201722
OM09_2010	201731	201732
OM06_2010	201741	201742
OM34_2010	201741	201742
OM36_2010	201741	201742
OM01_2010	201751	201752
OM11_2010	201751	201752
OM18_2010	201751	201752
OM26_2010	201751	201752
OM30_2010	201751	201752
OM35_2010	201751	201752
OM38_2010	201751	201752
OM39_2010	201751	201752
Y18A_2010	201751	201752
Y85A_2010	201751	201752
O12D_2010	201761	201762
OM15_2010	201761	201762
OM17_2010	201761	201762
OM27_2010	201761	201762
OM31_2010	201761	201762
Y78A_2010	201761	201762
OM14_2010	201771	201772
OM29_2010	201771	201772
OM37_2010	201771	201772
YS05_2010	201781	201782
YS46_2010	201781	201782
YS53_2010	201781	201782
O29D_2010	201791	201792
O42D_2010	201791	201792
YS17_2010	201791	201792
YS18_2010	201791	201792
YS24_2010	201791	201792
YS30_2010	201791	201792
YS33_2010	201791	201792
YS35_2010	201791	201792
YS36_2010	201791	201792
O53D_2010	201801	201802
YU04_2010	201801	201802
YU28_2010	201801	201802
YU29_2010	201801	201802
YU36_2010	201801	201802
YU38_2010	201801	201802
Y02A_2010	201811	201812
YE86_2010	201811	201812
YU02_2010	201811	201812
YU06_2010	201811	201812
YU09_2010	201811	201812
YU12_2010	201811	201812
YU32_2010	201811	201812
O05D_2010	201821	201822
YU13_2010	201821	201822
YU34_2010	201821	201822
YU37_2010	201821	201822
YU01_2010	201831	201832
YU22_2010	201831	201832
YU25_2010	201831	201832
YU31_2010	201831	201832
YU39_2010	201831	201832
YU17_2010	201841	201842
YU18_2010	201841	201842
YU20_2010	201841	201842
YU33_2010	201841	201842
O55D_2010	201851	201852
Y69A_2010	201851	201852
Y91A_2010	201851	201852
YU03_2010	201851	201852
YU14_2010	201851	201852
YU21_2010	201851	201852
YU23_2010	201851	201852
YU26_2010	201851	201852
YU35_2010	201851	201852
Y41A_2010	201871	201872
YU07_2010	201871	201872
YU10_2010	201871	201872
YU11_2010	201871	201872
YU24_2010	201871	201872
YU27_2010	201871	201872
YU30_2010	201871	201872
O33D_2010	201881	201882
OR03_2010	201881	201882
OR11_2010	201881	201882
OR12_2010	201881	201882
OR13_2010	201881	201882
OR15_2010	201881	201882
OR27_2010	201881	201882
OR29_2010	201881	201882
OR31_2010	201881	201882
OR35_2010	201881	201882
OR41_2010	201881	201882
OR46_2010	201881	201882
OR52_2010	201881	201882
OR57_2010	201881	201882
Y08A_2010	201881	201882
OR06_2010	201891	201892
OR07_2010	201891	201892
OR10_2010	201891	201892
OR18_2010	201891	201892
OR39_2010	201891	201892
OR44_2010	201891	201892
OR54_2010	201891	201892
OR56_2010	201891	201892
OR58_2010	201891	201892
Y52A_2010	201891	201892
OR00_2010	201901	201902
Y67A_2010	201901	201902
OR45_2010	201911	201912
Y27T_2010	201911	201912
OR23_2010	201921	201922
OR24_2010	201921	201922
OR26_2010	201921	201922
OR36_2010	201921	201922
OR51_2010	201921	201922
OR14_2010	201931	201932
OR20_2010	201931	201932
OR25_2010	201931	201932
OR28_2010	201931	201932
OR33_2010	201931	201932
OR34_2010	201931	201932
OR40_2010	201931	201932
OR48_2010	201931	201932
Y98A_2010	201931	201932
OR37_2010	201941	201942
OR38_2010	201941	201942
OR42_2010	201941	201942
OR49_2010	201941	201942
OR55_2010	201941	201942
Y87A_2010	201941	201942
OR04_2010	201951	201952
OR17_2010	201951	201952
OR22_2010	201951	201952
OR30_2010	201951	201952
OR43_2010	201951	201952
OR47_2010	201951	201952
OR50_2010	201951	201952
OR53_2010	201951	201952
OR59_2010	201951	201952
Y04A_2010	201951	201952
Y36A_2010	201951	201952
Y56A_2010	201951	201952
Y88A_2010	201951	201952
O02D_2010	201971	201972
O11D_2010	201971	201972
O54D_2010	201971	201972
Y07A_2010	201971	201972
YS08_2010	201971	201972
YS09_2010	201971	201972
YS12_2010	201971	201972
YS15_2010	201971	201972
YS19_2010	201971	201972
YS31_2010	201971	201972
YS32_2010	201971	201972
YS38_2010	201971	201972
YS39_2010	201971	201972
YS49_2010	201971	201972
YS50_2010	201971	201972
YS27_2010	201981	201982
O27D_2010	201991	201992
Y20A_2010	201991	201992
Y42A_2010	201991	201992
YS03_2010	201991	201992
YS06_2010	201991	201992
YS07_2010	201991	201992
YS10_2010	201991	201992
YS11_2010	201991	201992
YS13_2010	201991	201992
YS14_2010	201991	201992
YS16_2010	201991	201992
YS21_2010	201991	201992
YS22_2010	201991	201992
YS23_2010	201991	201992
YS29_2010	201991	201992
YS40_2010	201991	201992
YS45_2010	201991	201992
YS47_2010	201991	201992
YS48_2010	201991	201992
YS51_2010	201991	201992
YS52_2010	201991	201992
YS26_2010	202001	202002
YS28_2010	202001	202002
O04D_2010	202021	202022
YS02_2010	202021	202022
YS20_2010	202021	202022
YS25_2010	202021	202022
YS37_2010	202021	202022
YS41_2010	202021	202022
YS43_2010	202021	202022
YS44_2010	202021	202022
O49D_2010	202031	202032
YZ11_2010	202031	202032
YZ14_2010	202031	202032
YZ15_2010	202031	202032
YZ18_2010	202031	202032
YZ22_2010	202031	202032
YZ25_2010	202031	202032
YZ29_2010	202031	202032
YZ36_2010	202031	202032
YZ38_2010	202031	202032
YZ40_2010	202031	202032
YZ41_2010	202031	202032
YZ44_2010	202031	202032
YZ48_2010	202031	202032
YZ01_2010	202041	202042
YZ03_2010	202041	202042
YZ16_2010	202041	202042
YZ37_2010	202041	202042
YJ45_2010	202051	202052
YZ27_2010	202051	202052
YZ34_2010	202051	202052
YZ39_2010	202051	202052
YZ42_2010	202051	202052
YZ45_2010	202051	202052
YZ46_2010	202051	202052
OM16_2010	202061	202062
OM19_2010	202061	202062
OM23_2010	202061	202062
OM24_2010	202061	202062
Y12A_2010	202071	202072
YX15_2010	202071	202072
YX17_2010	202071	202072
YX18_2010	202071	202072
YX22_2010	202071	202072
YX26_2010	202071	202072
YX53_2010	202071	202072
YX56_2010	202071	202072
YZ28_2010	202071	202072
O52D_2010	202081	202082
YX13_2010	202081	202082
YX21_2010	202081	202082
YX29_2010	202081	202082
YX46_2010	202081	202082
YZ31_2010	202081	202082
YX28_2010	202091	202092
YX41_2010	202091	202092
O47D_2010	202101	202102
Y46A_2010	202101	202102
YX00_2010	202101	202102
YX05_2010	202101	202102
YX06_2010	202101	202102
YX34_2010	202101	202102
YX51_2010	202101	202102
YZ53_2010	202111	202112
Y22A_2010	202121	202122
Y63A_2010	202121	202122
Y81A_2010	202121	202122
YX03_2010	202121	202122
YX04_2010	202121	202122
YX07_2010	202121	202122
YX23_2010	202121	202122
YX45_2010	202121	202122
YX52_2010	202121	202122
YX54_2010	202121	202122
Y59A_2010	202131	202132
YX01_2010	202131	202132
YX11_2010	202131	202132
YX16_2010	202131	202132
YX25_2010	202131	202132
YX33_2010	202131	202132
YX35_2010	202131	202132
YX37_2010	202131	202132
YX43_2010	202131	202132
YX47_2010	202131	202132
YX48_2010	202131	202132
YX50_2010	202131	202132
YX58_2010	202131	202132
YX59_2010	202131	202132
YZ35_2010	202131	202132
Y57A_2010	202141	202142
Y97A_2010	202141	202142
YX02_2010	202141	202142
YX08_2010	202141	202142
YX09_2010	202141	202142
YX19_2010	202141	202142
YX20_2010	202141	202142
YX24_2010	202141	202142
YX27_2010	202141	202142
YX31_2010	202141	202142
YX38_2010	202141	202142
YX39_2010	202141	202142
YX40_2010	202141	202142
YX42_2010	202141	202142
YX44_2010	202141	202142
YX49_2010	202141	202142
YX55_2010	202141	202142
YX57_2010	202141	202142
O28D_2010	202151	202152
O50D_2010	202151	202152
Y01F_2010	202151	202152
Y20F_2010	202151	202152
Y23F_2010	202151	202152
Y32F_2010	202151	202152
Y39F_2010	202151	202152
Y42F_2010	202151	202152
Y59F_2010	202151	202152
Y60A_2010	202151	202152
O54S_2010	202161	202162
Y24F_2010	202161	202162
Y27F_2010	202161	202162
Y30A_2010	202161	202162
Y47F_2010	202161	202162
Y48F_2010	202161	202162
Y51F_2010	202161	202162
Y52F_2010	202161	202162
Y53F_2010	202161	202162
Y54F_2010	202161	202162
Y21F_2010	202181	202182
Y46F_2010	202181	202182
Y57F_2010	202191	202192
Y10F_2010	202201	202202
Y35F_2010	202201	202202
Y40F_2010	202201	202202
Y44F_2010	202201	202202
Y49F_2010	202201	202202
Y15F_2010	202211	202212
Y22F_2010	202211	202212
Y29F_2010	202211	202212
Y30F_2010	202211	202212
Y38F_2010	202211	202212
Y49A_2010	202211	202212
Y83A_2010	202211	202212
YZ02_2010	202221	202222
YZ05_2010	202221	202222
O00D_2010	202231	202232
Y03F_2010	202231	202232
Y06F_2010	202231	202232
Y08F_2010	202231	202232
Y17F_2010	202231	202232
Y18F_2010	202231	202232
Y26F_2010	202231	202232
Y37F_2010	202231	202232
Y41F_2010	202231	202232
Y48A_2010	202231	202232
Y55F_2010	202231	202232
Y58F_2010	202231	202232
YZ00_2010	202251	202252
YZ04_2010	202251	202252
YZ06_2010	202251	202252
YZ07_2010	202251	202252
YZ12_2010	202251	202252
YZ17_2010	202251	202252
YZ21_2010	202251	202252
YZ24_2010	202251	202252
YZ30_2010	202251	202252
YZ32_2010	202251	202252
YZ43_2010	202251	202252
YZ47_2010	202251	202252
YZ49_2010	202251	202252
YZ50_2010	202251	202252
YZ51_2010	202251	202252
YZ52_2010	202251	202252
YZ23_2010	202261	202262
O45S_2010	202281	202282
O17S_2010	202291	202292
O21S_2010	202291	202292
O44S_2010	202291	202292
O51S_2010	202291	202292
O61S_2010	202291	202292
Y19A_2010	202291	202292
Y50F_2010	202291	202292
O00S_2010	202301	202302
O01S_2010	202301	202302
O02S_2010	202301	202302
O04S_2010	202301	202302
O05S_2010	202301	202302
O09S_2010	202301	202302
O11S_2010	202301	202302
O13S_2010	202301	202302
O16S_2010	202301	202302
O20S_2010	202301	202302
O22S_2010	202301	202302
O24S_2010	202301	202302
O25S_2010	202301	202302
O28S_2010	202301	202302
O30S_2010	202301	202302
O31S_2010	202301	202302
O32S_2010	202301	202302
O33S_2010	202301	202302
O35S_2010	202301	202302
O37S_2010	202301	202302
O38S_2010	202301	202302
O39S_2010	202301	202302
O40S_2010	202301	202302
O41S_2010	202301	202302
O42S_2010	202301	202302
O47S_2010	202301	202302
O53S_2010	202301	202302
O55S_2010	202301	202302
O56S_2010	202301	202302
O57S_2010	202301	202302
O58S_2010	202301	202302
O62S_2010	202301	202302
O64S_2010	202301	202302
O66S_2010	202301	202302
O67S_2010	202301	202302
O69S_2010	202301	202302
O70S_2010	202301	202302
O71S_2010	202301	202302
Y31A_2010	202301	202302
Y33A_2010	202301	202302
Y39A_2010	202301	202302
Y45A_2010	202301	202302
O07S_2010	202311	202312
O19S_2010	202311	202312
O26S_2010	202311	202312
O29S_2010	202311	202312
O46D_2010	202311	202312
O46S_2010	202311	202312
O48S_2010	202311	202312
O50S_2010	202311	202312
O52S_2010	202311	202312
O59S_2010	202311	202312
O60S_2010	202311	202312
O63S_2010	202311	202312
O68S_2010	202311	202312
Y43A_2010	202311	202312
Y58A_2010	202311	202312
O43S_2010	202321	202322
O34S_2010	202391	202392
O49S_2010	202391	202392
O65S_2010	202391	202392
Y90A_2010	202391	202392
Y48V_2010	202461	202462
Y50V_2010	202461	202462
Y08V_2010	202471	202472
Y16V_2010	202481	202482
Y49V_2010	202481	202482
Y22V_2010	202491	202492
Y18V_2010	202501	202502
Y27V_2010	202501	202502
Y34V_2010	202501	202502
Y38V_2010	202501	202502
Y70A_2010	202501	202502
Y73A_2010	202501	202502
YJ43_2010	202501	202502
Y00V_2010	202511	202512
Y02V_2010	202511	202512
Y04V_2010	202511	202512
Y10V_2010	202511	202512
Y12V_2010	202511	202512
Y19V_2010	202511	202512
Y20V_2010	202511	202512
Y23V_2010	202511	202512
Y24V_2010	202511	202512
Y26V_2010	202511	202512
Y31V_2010	202511	202512
Y32V_2010	202511	202512
Y37V_2010	202511	202512
Y39V_2010	202511	202512
Y84A_2010	202511	202512
Y29V_2010	202531	202532
Y30V_2010	202531	202532
Y36V_2010	202531	202532
Y41V_2010	202531	202532
O23P_2010	202541	202542
Y06V_2010	202541	202542
Y44V_2010	202541	202542
Y45V_2010	202541	202542
Y30T_2010	202551	202552
O06P_2010	202561	202562
O14P_2010	202561	202562
O16P_2010	202561	202562
O22P_2010	202561	202562
Y24A_2010	202561	202562
Y25A_2010	202561	202562
Y44A_2010	202561	202562
Y03T_2010	202571	202572
Y06T_2010	202571	202572
Y07T_2010	202571	202572
Y08T_2010	202571	202572
Y13A_2010	202571	202572
Y17A_2010	202571	202572
Y18T_2010	202571	202572
Y21T_2010	202571	202572
Y23T_2010	202571	202572
Y24T_2010	202571	202572
Y27A_2010	202571	202572
Y35T_2010	202571	202572
Y38A_2010	202571	202572
Y47A_2010	202571	202572
Y72A_2010	202571	202572
Y14T_2010	202581	202582
Y22T_2010	202581	202582
Y28T_2010	202581	202582
Y05T_2010	202601	202602
Y09T_2010	202601	202602
Y17T_2010	202601	202602
Y37T_2010	202601	202602
Y38T_2010	202601	202602
O01P_2010	202611	202612
O07P_2010	202611	202612
O10P_2010	202611	202612
O13P_2010	202611	202612
O15P_2010	202611	202612
O20P_2010	202611	202612
O26P_2010	202611	202612
O27P_2010	202611	202612
O38D_2010	202611	202612
Y16A_2010	202611	202612
Y40A_2010	202611	202612
Y50A_2010	202611	202612
Y66A_2010	202611	202612
O17P_2010	202621	202622
O24P_2010	202621	202622
Y00T_2010	202641	202642
Y15A_2010	202641	202642
Y15T_2010	202641	202642
Y16T_2010	202641	202642
Y19T_2010	202641	202642
Y21A_2010	202641	202642
Y26A_2010	202641	202642
Y47V_2010	202641	202642
O06D_2010	202651	202652
Y10T_2010	202651	202652
Y26T_2010	202661	202662
Y33T_2010	202661	202662
O07X_2010	202671	202672
O11X_2010	202671	202672
O17X_2010	202671	202672
O18P_2010	202671	202672
O19D_2010	202671	202672
O22X_2010	202671	202672
O23X_2010	202671	202672
O28X_2010	202671	202672
O29X_2010	202671	202672
O30X_2010	202671	202672
O31X_2010	202671	202672
O33X_2010	202671	202672
O35X_2010	202671	202672
O41X_2010	202671	202672
O43X_2010	202671	202672
O44X_2010	202671	202672
O45X_2010	202671	202672
O47X_2010	202671	202672
O51X_2010	202671	202672
O56D_2010	202671	202672
O57X_2010	202671	202672
Y25V_2010	202671	202672
Y74A_2010	202671	202672
Y80A_2010	202671	202672
O00P_2010	202681	202682
Y68A_2010	202681	202682
O21P_2010	202711	202712
Y51A_2010	202711	202712
O03P_2010	202721	202722
Y11A_2010	202721	202722
O50X_2010	202731	202732
O24X_2010	202761	202762
O25P_2010	202761	202762
O25X_2010	202761	202762
O34X_2010	202761	202762
O46X_2010	202761	202762
O53X_2010	202761	202762
O01X_2010	202781	202782
O09X_2010	202781	202782
O13X_2010	202781	202782
O18X_2010	202781	202782
O21X_2010	202781	202782
O26X_2010	202781	202782
O27X_2010	202781	202782
O36X_2010	202781	202782
O37X_2010	202781	202782
O39X_2010	202781	202782
O40X_2010	202781	202782
O42X_2010	202781	202782
O52X_2010	202781	202782
O54X_2010	202781	202782
O55X_2010	202781	202782
O56X_2010	202781	202782
Y10A_2010	202781	202782
Y23A_2010	202781	202782
Y29A_2010	202781	202782
Y37A_2010	202781	202782
Y89A_2010	202781	202782
O26H_2010	202791	202792
O27H_2010	202791	202792
O29H_2010	202791	202792
O00H_2010	202801	202802
O01H_2010	202801	202802
O03H_2010	202801	202802
O04H_2010	202801	202802
O06H_2010	202801	202802
O08H_2010	202801	202802
O11H_2010	202801	202802
O12H_2010	202801	202802
O13H_2010	202801	202802
O14H_2010	202801	202802
O19H_2010	202801	202802
O20H_2010	202801	202802
O22D_2010	202801	202802
O23D_2010	202801	202802
O24D_2010	202801	202802
O31H_2010	202801	202802
O32H_2010	202801	202802
O40D_2010	202801	202802
O43D_2010	202801	202802
Y09A_2010	202801	202802
Y14A_2010	202801	202802
Y34A_2010	202801	202802
Y53A_2010	202801	202802
Y55A_2010	202801	202802
Y61A_2010	202801	202802
Y62A_2010	202801	202802
O25H_2010	202811	202812
O21H_2010	202821	202822
O23H_2010	202821	202822
O24H_2010	202821	202822
Y35A_2010	202821	202822
OA36_2010	200011	200012
OA48_2010	200011	200012
OA38_2010	200021	200022
YC06_2010	200081	200082
YC18_2010	200111	200112
YC02_2010	200141	200142
OB13_2010	200171	200172
OB01_2010	200201	200202
OB06_2010	200201	200202
OB11_2010	200201	200202
OB15_2010	200201	200202
OB16_2010	200201	200202
OB19_2010	200201	200202
OF45_2010	200251	200252
YJ07_2010	200541	200542
OT07_2010	200661	200662
YJ03_2010	200691	200692
YJ12_2010	200691	200692
OV08_2010	200721	200722
OV17_2010	200731	200732
YH07_2010	200771	200772
YH06_2010	200831	200832
OV05_2010	200941	200942
OV07_2010	200951	200952
OY17_2010	201021	201022
YN08_2010	201231	201232
YN19_2010	201241	201242
OG11_2010	201421	201422
OG17_2010	201421	201422
YK28_2010	201491	201492
YP09_2010	201531	201532
YP17_2010	201531	201532
YP14_2010	201541	201542
YP18_2010	201541	201542
OL08_2010	201681	201682
OM08_2010	201711	201712
YU05_2010	201811	201812
YU00_2010	201821	201822
YU19_2010	201821	201822
YU08_2010	201871	201872
OR16_2010	201891	201892
OR02_2010	201931	201932
OR09_2010	201931	201932
OR19_2010	201941	201942
YS04_2010	201991	201992
YZ09_2010	202031	202032
YZ10_2010	202041	202042
YZ13_2010	202041	202042
YZ19_2010	202041	202042
OM05_2010	202061	202062
YX12_2010	202141	202142
Y00F_2010	202151	202152
YZ08_2010	202241	202242
Y07V_2010	202511	202512
Y05V_2010	202541	202542
Y13T_2010	202581	202582
O07H_2010	202801	202802
O15H_2010	202801	202802
O18H_2010	202801	202802
Y77A_2010	201011	201012
YP20_2010	201551	201552
YP23_2010	201581	201582
OL21_2010	201641	201642
OL26_2010	201661	201662
OL33_2010	201671	201672
Y76A_2010	202021	202022
Y28A_2010	202101	202102
Y92A_2010	202231	202232
Y06A_2010	202291	202292
O01D_2010	202301	202302
Y93A_2010	202561	202562
Y05A_2010	202611	202612
Y82A_2010	202611	202612
O07D_2010	202661	202662
Y64A_2010	202781	202782
Y03A_2010	202801	202802
Y32A_2010	202801	202802
Y54A_2010	202801	202802
OB22_2010	200181	200182
OB34_2010	200231	200232
OT30_2010	200581	200582
OT23_2010	200621	200622
OF62_2010	200681	200682
YJ35_2010	200691	200692
YI20_2010	201061	201062
YI24_2010	201061	201062
YI31_2010	201061	201062
YI30_2010	201081	201082
YI21_2010	201181	201182
OG30_2010	201371	201372
OG22_2010	201391	201392
OG35_2010	201511	201512
OM32_2010	201741	201742
OR32_2010	201941	201942
OR21_2010	201951	201952
YE64_2010	200841	200842
YD38_2010	201331	201332
O26D_2010	201781	201782
O18D_2010	201811	201812
O25D_2010	201821	201822
O31D_2010	201931	201932
YX32_2010	202081	202082
YX30_2010	202101	202102
YX36_2010	202101	202102
Y34F_2010	202151	202152
Y43F_2010	202151	202152
Y45F_2010	202151	202152
O32D_2010	202161	202162
Y25F_2010	202191	202192
Y28F_2010	202201	202202
YZ20_2010	202221	202222
Y33F_2010	202231	202232
O23S_2010	202311	202312
Y21V_2010	202491	202492
O30D_2010	202571	202572
O20D_2010	202671	202672
O17D_2010	202781	202782
O20X_2010	202781	202782
O21D_2010	202801	202802
O22H_2010	202801	202802
OA70_2010	200071	200072
YJ49_2010	200521	200522
Y28V_2010	200601	200602
OG45_2010	201371	201372
OG55_2010	201371	201372
YP31_2010	201541	201542
YP32_2010	201541	201542
O45D_2010	201971	201972
O39D_2010	202301	202302
O48D_2010	202541	202542
OO56_2010	201141	201142
Y46V_2010	202501	202502
Y35V_2010	202511	202512
Y33V_2010	202541	202542
Y40V_2010	202541	202542
Y43V_2010	202541	202542
Y29T_2010	202571	202572
Y20T_2010	202631	202632
O19P_2010	202681	202682
O30H_2010	202801	202802
YJ18_2010	200691	200692
YJ19_2010	200711	200712
YH09_2010	200771	200772
YH10_2010	200791	200792
OV14_2010	200951	200952
OY11_2010	200971	200972
OY18_2010	201021	201022
YI14_2010	201061	201062
YI06_2010	201071	201072
OO01_2010	201211	201212
OG05_2010	201511	201512
OA40_2010	200021	200022
YH05_2010	200761	200762
YI03_2010	201181	201182
YN15_2010	201251	201252
OG15_2010	201421	201422
OG09_2010	201511	201512
YP01_2010	201551	201552
OM12_2010	201731	201732
OM03_2010	201751	201752
OM10_2010	201751	201752
YU16_2010	201821	201822
OR01_2010	201951	201952
OR05_2010	201951	201952
YS01_2010	201991	201992
YS00_2010	202021	202022
YX10_2010	202121	202122
YX14_2010	202141	202142
Y05F_2010	202161	202162
Y07F_2010	202161	202162
Y02F_2010	202211	202212
Y04F_2010	202231	202232
Y16F_2010	202231	202232
O03S_2010	202291	202292
O15S_2010	202291	202292
O08S_2010	202301	202302
O14S_2010	202301	202302
O18S_2010	202301	202302
O10S_2010	202391	202392
O12S_2010	202391	202392
Y13V_2010	202491	202492
Y09V_2010	202501	202502
Y03V_2010	202541	202542
Y11V_2010	202541	202542
Y15V_2010	202541	202542
Y12T_2010	202551	202552
Y01T_2010	202571	202572
O02P_2010	202611	202612
O05P_2010	202611	202612
Y02T_2010	202661	202662
O02X_2010	202671	202672
O04X_2010	202671	202672
O05X_2010	202671	202672
O10X_2010	202671	202672
O12P_2010	202711	202712
O09P_2010	202721	202722
O15X_2010	202761	202762
O00X_2010	202781	202782
O06X_2010	202781	202782
O08X_2010	202781	202782
O12X_2010	202781	202782
O14X_2010	202781	202782
O16X_2010	202781	202782
O19X_2010	202781	202782
O02H_2010	202801	202802
O05H_2010	202801	202802
O09H_2010	202801	202802
O10H_2010	202801	202802
O17H_2010	202801	202802
YJ08_2010	200681	200682
Y04T_2010	202571	202572