ANIMAL	FATHER	MOTHER
1	NA	NA
2	NA	NA
3	NA	NA
4	NA	NA
5	NA	NA
6	NA	NA
7	NA	NA
8	NA	NA
9	NA	NA
10	NA	NA
11	NA	NA
12	NA	NA
13	NA	NA
14	NA	NA
15	NA	NA
16	NA	NA
17	NA	NA
18	NA	NA
19	NA	NA
20	NA	NA
21	NA	NA
22	NA	NA
23	NA	NA
24	NA	NA
25	NA	NA
26	NA	NA
27	NA	NA
28	NA	NA
29	NA	NA
30	NA	NA
31	NA	NA
32	NA	NA
33	NA	NA
34	NA	NA
35	NA	NA
36	NA	NA
37	NA	NA
38	NA	NA
39	NA	NA
40	NA	NA
41	NA	NA
42	NA	NA
43	NA	NA
44	NA	NA
45	NA	NA
46	NA	NA
47	NA	NA
48	NA	NA
49	NA	NA
50	NA	NA
51	NA	NA
52	NA	NA
53	NA	NA
54	NA	NA
55	NA	NA
56	NA	NA
57	NA	NA
58	NA	NA
59	NA	NA
60	NA	NA
61	NA	NA
62	NA	NA
63	NA	NA
64	NA	NA
65	NA	NA
66	NA	NA
67	NA	NA
68	NA	NA
69	NA	NA
70	NA	NA
71	NA	NA
72	NA	NA
73	NA	NA
74	NA	NA
75	NA	NA
76	NA	NA
77	NA	NA
78	NA	NA
79	NA	NA
80	NA	NA
81	NA	NA
82	NA	NA
83	NA	NA
84	NA	NA
85	NA	NA
86	NA	NA
87	NA	NA
88	NA	NA
89	NA	NA
90	NA	NA
91	NA	NA
92	NA	NA
93	NA	NA
94	NA	NA
95	NA	NA
96	NA	NA
97	NA	NA
98	NA	NA
99	NA	NA
100	NA	NA
101	NA	NA
102	NA	NA
103	NA	NA
104	NA	NA
105	NA	NA
106	NA	NA
107	NA	NA
108	NA	NA
109	NA	NA
110	NA	NA
111	NA	NA
112	NA	NA
113	NA	NA
114	NA	NA
115	NA	NA
116	NA	NA
117	NA	NA
118	NA	NA
119	NA	NA
120	NA	NA
121	NA	NA
122	NA	NA
123	NA	NA
124	NA	NA
125	NA	NA
126	NA	NA
127	NA	NA
128	NA	NA
129	NA	NA
130	NA	NA
131	NA	NA
132	NA	NA
133	NA	NA
134	NA	NA
135	NA	NA
136	NA	NA
137	NA	NA
138	NA	NA
139	NA	NA
140	NA	NA
141	NA	NA
142	NA	NA
143	NA	NA
144	NA	NA
145	NA	NA
146	NA	NA
147	NA	NA
148	NA	NA
149	NA	NA
150	NA	NA
151	NA	NA
152	NA	NA
153	NA	NA
154	NA	NA
155	NA	NA
156	NA	NA
157	NA	NA
158	NA	NA
159	NA	NA
160	NA	NA
161	NA	NA
162	NA	NA
163	NA	NA
164	NA	NA
165	NA	NA
166	NA	NA
167	NA	NA
168	NA	NA
169	NA	NA
170	NA	NA
171	NA	NA
172	NA	NA
173	NA	NA
174	NA	NA
175	NA	NA
176	NA	NA
177	NA	NA
178	NA	NA
179	NA	NA
180	NA	NA
181	NA	NA
182	NA	NA
183	NA	NA
184	NA	NA
185	NA	NA
186	NA	NA
187	NA	NA
188	NA	NA
189	NA	NA
190	NA	NA
191	NA	NA
192	NA	NA
193	NA	NA
194	NA	NA
195	NA	NA
196	NA	NA
197	NA	NA
198	NA	NA
199	NA	NA
200	NA	NA
201	NA	NA
202	NA	NA
203	NA	NA
204	NA	NA
205	NA	NA
206	NA	NA
207	NA	NA
208	NA	NA
209	NA	NA
210	NA	NA
211	NA	NA
212	NA	NA
213	NA	NA
214	NA	NA
215	NA	NA
216	NA	NA
217	NA	NA
218	NA	NA
219	NA	NA
220	NA	NA
221	NA	NA
222	NA	NA
223	NA	NA
224	NA	NA
225	NA	NA
226	NA	NA
227	NA	NA
228	NA	NA
229	NA	NA
230	NA	NA
231	NA	NA
232	NA	NA
233	NA	NA
234	NA	NA
235	NA	NA
236	NA	NA
237	NA	NA
238	NA	NA
239	NA	NA
240	NA	NA
241	NA	NA
242	NA	NA
243	NA	NA
244	NA	NA
245	NA	NA
246	NA	NA
247	NA	NA
248	NA	NA
249	NA	NA
250	NA	NA
251	NA	NA
252	NA	NA
253	NA	NA
254	NA	NA
255	NA	NA
256	NA	NA
257	NA	NA
258	NA	NA
259	NA	NA
260	NA	NA
261	NA	NA
262	NA	NA
263	NA	NA
264	NA	NA
265	NA	NA
266	NA	NA
267	NA	NA
268	NA	NA
269	NA	NA
270	NA	NA
271	NA	NA
272	NA	NA
273	NA	NA
274	NA	NA
275	NA	NA
276	NA	NA
277	NA	NA
278	NA	NA
279	NA	NA
280	NA	NA
281	NA	NA
282	NA	NA
283	NA	NA
284	NA	NA
285	NA	NA
286	NA	NA
287	NA	NA
288	NA	NA
289	NA	NA
290	NA	NA
291	NA	NA
292	NA	NA
293	NA	NA
294	NA	NA
295	NA	NA
296	NA	NA
297	NA	NA
298	NA	NA
299	NA	NA
300	NA	NA
301	NA	NA
302	NA	NA
303	NA	NA
304	NA	NA
305	NA	NA
306	NA	NA
307	NA	NA
308	NA	NA
309	NA	NA
310	NA	NA
311	NA	NA
312	NA	NA
313	NA	NA
314	NA	NA
315	NA	NA
316	NA	NA
317	NA	NA
318	NA	NA
319	NA	NA
320	NA	NA
321	NA	NA
322	NA	NA
323	NA	NA
324	NA	NA
325	NA	NA
326	NA	NA
327	NA	NA
328	NA	NA
329	NA	NA
330	NA	NA
331	NA	NA
332	NA	NA
333	NA	NA
334	NA	NA
335	NA	NA
336	NA	NA
337	NA	NA
338	NA	NA
339	NA	NA
340	NA	NA
341	NA	NA
342	NA	NA
343	NA	NA
344	NA	NA
345	NA	NA
346	NA	NA
347	NA	NA
348	NA	NA
349	NA	NA
350	NA	NA
351	NA	NA
352	NA	NA
353	NA	NA
354	NA	NA
355	NA	NA
356	NA	NA
357	NA	NA
358	NA	NA
359	NA	NA
360	NA	NA
361	NA	NA
362	NA	NA
363	NA	NA
364	NA	NA
365	NA	NA
366	NA	NA
367	NA	NA
368	NA	NA
369	NA	NA
370	NA	NA
371	NA	NA
372	NA	NA
373	NA	NA
374	NA	NA
375	NA	NA
376	NA	NA
377	NA	NA
378	NA	NA
381	NA	NA
382	NA	NA
385	NA	NA
386	NA	NA
389	NA	NA
390	NA	NA
393	NA	NA
394	NA	NA
395	NA	NA
396	NA	NA
397	NA	NA
398	NA	NA
399	NA	NA
400	NA	NA
401	NA	NA
402	NA	NA
403	NA	NA
404	NA	NA
407	NA	NA
408	NA	NA
409	NA	NA
410	NA	NA
411	NA	NA
412	NA	NA
413	NA	NA
414	NA	NA
415	NA	NA
416	NA	NA
417	NA	NA
418	NA	NA
419	NA	NA
420	NA	NA
421	NA	NA
422	NA	NA
423	NA	NA
424	NA	NA
425	NA	NA
426	NA	NA
427	NA	NA
428	NA	NA
429	NA	NA
430	NA	NA
431	NA	NA
432	NA	NA
433	NA	NA
434	NA	NA
435	NA	NA
436	NA	NA
437	NA	NA
438	NA	NA
439	NA	NA
440	NA	NA
441	NA	NA
442	NA	NA
443	NA	NA
444	NA	NA
445	NA	NA
446	NA	NA
447	NA	NA
448	NA	NA
449	NA	NA
450	NA	NA
451	NA	NA
452	NA	NA
453	NA	NA
454	NA	NA
455	NA	NA
456	NA	NA
457	NA	NA
458	NA	NA
459	NA	NA
460	NA	NA
461	NA	NA
462	NA	NA
463	NA	NA
464	NA	NA
465	NA	NA
466	NA	NA
467	NA	NA
468	NA	NA
469	NA	NA
470	NA	NA
471	NA	NA
472	NA	NA
473	NA	NA
474	NA	NA
475	NA	NA
476	NA	NA
477	NA	NA
478	NA	NA
479	NA	NA
480	NA	NA
481	NA	NA
482	NA	NA
483	NA	NA
484	NA	NA
485	NA	NA
486	NA	NA
487	NA	NA
488	NA	NA
489	NA	NA
490	NA	NA
491	NA	NA
492	NA	NA
493	NA	NA
494	NA	NA
495	NA	NA
496	NA	NA
497	NA	NA
498	NA	NA
499	NA	NA
500	NA	NA
501	NA	NA
502	NA	NA
503	NA	NA
504	NA	NA
505	NA	NA
506	NA	NA
507	NA	NA
508	NA	NA
509	NA	NA
510	NA	NA
511	NA	NA
512	NA	NA
513	NA	NA
514	NA	NA
515	NA	NA
516	NA	NA
517	NA	NA
518	NA	NA
519	NA	NA
520	NA	NA
521	NA	NA
522	NA	NA
523	NA	NA
524	NA	NA
525	NA	NA
526	NA	NA
527	NA	NA
528	NA	NA
529	NA	NA
530	NA	NA
531	NA	NA
532	NA	NA
533	NA	NA
534	NA	NA
535	NA	NA
536	NA	NA
537	NA	NA
538	NA	NA
539	NA	NA
540	NA	NA
541	NA	NA
542	NA	NA
543	NA	NA
544	NA	NA
545	NA	NA
546	NA	NA
547	NA	NA
548	NA	NA
549	NA	NA
550	NA	NA
551	NA	NA
552	NA	NA
553	NA	NA
554	NA	NA
555	NA	NA
556	NA	NA
557	NA	NA
558	NA	NA
559	NA	NA
560	NA	NA
561	NA	NA
562	NA	NA
563	NA	NA
564	NA	NA
565	NA	NA
566	NA	NA
567	NA	NA
568	NA	NA
569	NA	NA
570	NA	NA
571	NA	NA
572	NA	NA
573	NA	NA
574	NA	NA
575	NA	NA
576	NA	NA
577	NA	NA
578	NA	NA
579	NA	NA
580	NA	NA
581	NA	NA
582	NA	NA
583	NA	NA
584	NA	NA
585	NA	NA
586	NA	NA
587	NA	NA
588	NA	NA
589	NA	NA
590	NA	NA
591	NA	NA
592	NA	NA
593	NA	NA
594	NA	NA
595	NA	NA
596	NA	NA
597	NA	NA
598	NA	NA
599	NA	NA
600	NA	NA
601	NA	NA
602	NA	NA
603	NA	NA
604	NA	NA
605	NA	NA
606	NA	NA
607	NA	NA
608	NA	NA
609	NA	NA
610	NA	NA
611	NA	NA
612	NA	NA
613	NA	NA
614	NA	NA
615	NA	NA
616	NA	NA
617	NA	NA
618	NA	NA
619	NA	NA
620	NA	NA
621	NA	NA
622	NA	NA
623	NA	NA
624	NA	NA
625	NA	NA
626	NA	NA
627	NA	NA
628	NA	NA
629	NA	NA
630	NA	NA
631	NA	NA
632	NA	NA
633	NA	NA
634	NA	NA
635	NA	NA
636	NA	NA
637	NA	NA
638	NA	NA
639	NA	NA
640	NA	NA
641	NA	NA
642	NA	NA
643	NA	NA
644	NA	NA
645	NA	NA
646	NA	NA
647	NA	NA
648	NA	NA
649	NA	NA
650	NA	NA
651	NA	NA
652	NA	NA
653	NA	NA
654	NA	NA
655	NA	NA
656	NA	NA
657	NA	NA
658	NA	NA
659	NA	NA
660	NA	NA
661	NA	NA
662	NA	NA
663	NA	NA
664	NA	NA
665	NA	NA
666	NA	NA
667	NA	NA
668	NA	NA
669	NA	NA
670	NA	NA
671	NA	NA
672	NA	NA
673	NA	NA
674	NA	NA
675	NA	NA
676	NA	NA
677	NA	NA
678	NA	NA
679	NA	NA
680	NA	NA
681	NA	NA
682	NA	NA
683	NA	NA
684	NA	NA
685	NA	NA
686	NA	NA
687	NA	NA
688	NA	NA
689	NA	NA
690	NA	NA
691	NA	NA
692	NA	NA
693	NA	NA
694	NA	NA
695	NA	NA
696	NA	NA
697	NA	NA
698	NA	NA
699	NA	NA
700	NA	NA
701	NA	NA
702	NA	NA
703	NA	NA
704	NA	NA
705	NA	NA
706	NA	NA
707	NA	NA
708	NA	NA
709	NA	NA
710	NA	NA
711	NA	NA
712	NA	NA
713	NA	NA
714	NA	NA
715	NA	NA
716	NA	NA
717	NA	NA
718	NA	NA
719	NA	NA
720	NA	NA
721	NA	NA
722	NA	NA
723	NA	NA
724	NA	NA
725	NA	NA
726	NA	NA
727	NA	NA
728	NA	NA
729	NA	NA
730	NA	NA
731	NA	NA
732	NA	NA
733	NA	NA
734	NA	NA
735	NA	NA
736	NA	NA
737	NA	NA
738	NA	NA
739	NA	NA
740	NA	NA
741	NA	NA
742	NA	NA
743	NA	NA
744	NA	NA
745	NA	NA
746	NA	NA
747	NA	NA
748	NA	NA
749	NA	NA
750	NA	NA
751	NA	NA
752	NA	NA
753	NA	NA
754	NA	NA
755	NA	NA
756	NA	NA
757	NA	NA
758	NA	NA
759	NA	NA
760	NA	NA
761	NA	NA
762	NA	NA
763	NA	NA
764	NA	NA
765	NA	NA
766	NA	NA
767	NA	NA
768	NA	NA
769	NA	NA
770	NA	NA
771	NA	NA
772	NA	NA
773	NA	NA
774	NA	NA
775	NA	NA
776	NA	NA
777	NA	NA
778	NA	NA
779	NA	NA
780	NA	NA
781	NA	NA
782	NA	NA
783	NA	NA
784	NA	NA
785	NA	NA
786	NA	NA
787	NA	NA
788	NA	NA
789	NA	NA
790	NA	NA
791	NA	NA
792	NA	NA
793	NA	NA
794	NA	NA
795	NA	NA
796	NA	NA
797	NA	NA
798	NA	NA
799	NA	NA
800	NA	NA
801	NA	NA
802	NA	NA
803	NA	NA
804	NA	NA
805	NA	NA
806	NA	NA
807	NA	NA
808	NA	NA
809	NA	NA
810	NA	NA
811	NA	NA
812	NA	NA
813	NA	NA
814	NA	NA
815	NA	NA
816	NA	NA
817	NA	NA
818	NA	NA
819	NA	NA
820	NA	NA
821	NA	NA
822	NA	NA
823	NA	NA
824	NA	NA
825	NA	NA
826	NA	NA
827	NA	NA
828	NA	NA
829	NA	NA
830	NA	NA
831	NA	NA
832	NA	NA
833	NA	NA
834	NA	NA
835	NA	NA
836	NA	NA
837	NA	NA
838	NA	NA
839	NA	NA
840	NA	NA
841	NA	NA
842	NA	NA
843	NA	NA
844	NA	NA
845	NA	NA
846	NA	NA
847	NA	NA
848	NA	NA
849	NA	NA
850	NA	NA
851	NA	NA
852	NA	NA
853	NA	NA
854	NA	NA
855	NA	NA
856	NA	NA
857	NA	NA
858	NA	NA
859	NA	NA
860	NA	NA
861	NA	NA
862	NA	NA
863	NA	NA
864	NA	NA
865	NA	NA
866	NA	NA
867	NA	NA
868	NA	NA
869	NA	NA
870	NA	NA
871	NA	NA
872	NA	NA
873	NA	NA
874	NA	NA
875	NA	NA
876	NA	NA
877	NA	NA
878	NA	NA
879	NA	NA
880	NA	NA
881	NA	NA
882	NA	NA
883	NA	NA
884	NA	NA
885	NA	NA
886	NA	NA
887	NA	NA
888	NA	NA
889	NA	NA
890	NA	NA
891	NA	NA
892	NA	NA
893	NA	NA
894	NA	NA
895	NA	NA
896	NA	NA
897	NA	NA
898	NA	NA
899	NA	NA
900	NA	NA
901	NA	NA
902	NA	NA
903	NA	NA
904	NA	NA
905	NA	NA
906	NA	NA
907	NA	NA
908	NA	NA
909	NA	NA
910	NA	NA
911	NA	NA
912	NA	NA
913	NA	NA
914	NA	NA
915	NA	NA
916	NA	NA
917	NA	NA
918	NA	NA
919	NA	NA
920	NA	NA
921	NA	NA
922	NA	NA
923	NA	NA
924	NA	NA
925	NA	NA
926	NA	NA
927	NA	NA
928	NA	NA
929	NA	NA
930	NA	NA
931	NA	NA
932	NA	NA
933	NA	NA
934	NA	NA
935	NA	NA
936	NA	NA
937	NA	NA
938	NA	NA
939	NA	NA
940	NA	NA
941	NA	NA
942	NA	NA
943	NA	NA
944	NA	NA
945	NA	NA
946	NA	NA
947	NA	NA
948	NA	NA
949	NA	NA
950	NA	NA
951	NA	NA
952	NA	NA
953	NA	NA
954	NA	NA
955	NA	NA
956	NA	NA
957	NA	NA
958	NA	NA
959	NA	NA
960	NA	NA
961	NA	NA
962	NA	NA
963	NA	NA
964	NA	NA
965	NA	NA
966	NA	NA
967	NA	NA
968	NA	NA
969	NA	NA
970	NA	NA
971	NA	NA
972	NA	NA
973	NA	NA
974	NA	NA
975	NA	NA
976	NA	NA
977	NA	NA
978	NA	NA
979	NA	NA
980	NA	NA
981	NA	NA
982	NA	NA
983	NA	NA
984	NA	NA
985	NA	NA
986	NA	NA
987	NA	NA
988	NA	NA
989	NA	NA
990	NA	NA
991	NA	NA
992	NA	NA
993	NA	NA
994	NA	NA
995	NA	NA
996	NA	NA
997	NA	NA
998	NA	NA
999	NA	NA
1000	NA	NA
1001	NA	NA
1002	NA	NA
1003	NA	NA
1004	NA	NA
1005	NA	NA
1006	NA	NA
1007	NA	NA
1008	NA	NA
1009	NA	NA
1010	NA	NA
1011	NA	NA
1012	NA	NA
1013	NA	NA
1014	NA	NA
1015	NA	NA
1016	NA	NA
1017	NA	NA
1018	NA	NA
1019	NA	NA
1020	NA	NA
1021	NA	NA
1022	NA	NA
1023	NA	NA
1024	NA	NA
1025	NA	NA
1026	NA	NA
1027	NA	NA
1028	NA	NA
1029	NA	NA
1030	NA	NA
1031	NA	NA
1032	NA	NA
1033	NA	NA
1034	NA	NA
1035	NA	NA
1036	NA	NA
1037	NA	NA
1038	NA	NA
1039	NA	NA
1040	NA	NA
1041	NA	NA
1042	NA	NA
1043	NA	NA
1044	NA	NA
1045	NA	NA
1046	NA	NA
1047	NA	NA
1048	NA	NA
1049	NA	NA
1050	NA	NA
1051	NA	NA
1052	NA	NA
1053	NA	NA
1054	NA	NA
1055	NA	NA
1056	NA	NA
1057	NA	NA
1058	NA	NA
1059	NA	NA
1060	NA	NA
1061	NA	NA
1062	NA	NA
1063	NA	NA
1064	NA	NA
1065	NA	NA
1066	NA	NA
1067	NA	NA
1068	NA	NA
1069	NA	NA
1070	NA	NA
1071	NA	NA
1072	NA	NA
1073	NA	NA
1074	NA	NA
1075	NA	NA
1076	NA	NA
1077	NA	NA
1078	NA	NA
1079	NA	NA
1080	NA	NA
1081	NA	NA
1082	NA	NA
1083	NA	NA
1084	NA	NA
1085	NA	NA
1086	NA	NA
1087	NA	NA
1088	NA	NA
1089	NA	NA
1090	NA	NA
1091	NA	NA
1092	NA	NA
1093	NA	NA
1094	NA	NA
1095	NA	NA
1096	NA	NA
1097	NA	NA
1098	NA	NA
1099	NA	NA
1100	NA	NA
1101	NA	NA
1102	NA	NA
1103	NA	NA
1104	NA	NA
1105	NA	NA
1106	NA	NA
1107	NA	NA
1108	NA	NA
1109	NA	NA
1110	NA	NA
1111	NA	NA
1112	NA	NA
1113	NA	NA
1114	NA	NA
1115	NA	NA
1116	NA	NA
1117	NA	NA
1118	NA	NA
1119	NA	NA
1120	NA	NA
1121	NA	NA
1122	NA	NA
1123	NA	NA
1124	NA	NA
1125	NA	NA
1126	NA	NA
1127	NA	NA
1128	NA	NA
1129	NA	NA
1130	NA	NA
1131	NA	NA
1132	NA	NA
1133	NA	NA
1134	NA	NA
1135	NA	NA
1136	NA	NA
1137	NA	NA
1138	NA	NA
1139	NA	NA
1140	NA	NA
1141	NA	NA
1142	NA	NA
1143	NA	NA
1144	NA	NA
1145	NA	NA
1146	NA	NA
1147	NA	NA
1148	NA	NA
1149	NA	NA
1150	NA	NA
1151	NA	NA
1152	NA	NA
1153	NA	NA
1154	NA	NA
1155	NA	NA
1156	NA	NA
1157	NA	NA
1158	NA	NA
1159	NA	NA
1160	NA	NA
1161	NA	NA
1162	NA	NA
1163	NA	NA
1164	NA	NA
1165	NA	NA
1166	NA	NA
1167	NA	NA
1168	NA	NA
1169	NA	NA
1170	NA	NA
1171	NA	NA
1172	NA	NA
1173	NA	NA
1174	NA	NA
1175	NA	NA
1176	NA	NA
1177	NA	NA
1178	NA	NA
1179	NA	NA
1180	NA	NA
1181	NA	NA
1182	NA	NA
1183	NA	NA
1184	NA	NA
1185	NA	NA
1186	NA	NA
1187	NA	NA
1188	NA	NA
1189	NA	NA
1190	NA	NA
1191	NA	NA
1192	NA	NA
1193	NA	NA
1194	NA	NA
1195	NA	NA
1196	NA	NA
1197	NA	NA
1198	NA	NA
1199	NA	NA
1200	NA	NA
1201	NA	NA
1202	NA	NA
1203	NA	NA
1204	NA	NA
1205	NA	NA
1206	NA	NA
1207	NA	NA
1208	NA	NA
1209	NA	NA
1210	NA	NA
1211	NA	NA
1212	NA	NA
1213	NA	NA
1214	NA	NA
1215	NA	NA
1216	NA	NA
1217	NA	NA
1218	NA	NA
1219	NA	NA
1220	NA	NA
1221	NA	NA
1222	NA	NA
1223	NA	NA
1224	NA	NA
1225	NA	NA
1226	NA	NA
1227	NA	NA
1228	NA	NA
1229	NA	NA
1230	NA	NA
1231	NA	NA
1232	NA	NA
1233	NA	NA
1234	NA	NA
1235	NA	NA
1236	NA	NA
1237	NA	NA
1238	NA	NA
1239	NA	NA
1240	NA	NA
1241	NA	NA
1242	NA	NA
1243	NA	NA
1244	NA	NA
1245	NA	NA
1246	NA	NA
1247	NA	NA
1248	NA	NA
1249	NA	NA
1250	NA	NA
1251	NA	NA
1252	NA	NA
1253	NA	NA
1254	NA	NA
1255	NA	NA
1256	NA	NA
1257	NA	NA
1258	NA	NA
1259	NA	NA
1260	NA	NA
1261	NA	NA
1262	NA	NA
1263	NA	NA
1264	NA	NA
1265	NA	NA
1266	NA	NA
1267	NA	NA
1268	NA	NA
1269	NA	NA
1270	NA	NA
1271	NA	NA
1272	NA	NA
1273	NA	NA
1274	NA	NA
1275	NA	NA
1276	NA	NA
1277	NA	NA
1278	NA	NA
1279	NA	NA
1280	NA	NA
1281	NA	NA
1282	NA	NA
1283	NA	NA
1284	NA	NA
1285	NA	NA
1286	NA	NA
1287	NA	NA
1288	NA	NA
1289	NA	NA
1290	NA	NA
1291	NA	NA
1292	NA	NA
1293	NA	NA
1294	NA	NA
1295	NA	NA
1296	NA	NA
1297	NA	NA
1298	NA	NA
1299	NA	NA
1300	NA	NA
1301	NA	NA
1302	NA	NA
1303	NA	NA
1304	NA	NA
1305	NA	NA
1306	NA	NA
1307	NA	NA
1308	NA	NA
1309	NA	NA
1310	NA	NA
1311	NA	NA
1312	NA	NA
1313	NA	NA
1314	NA	NA
1315	NA	NA
1316	NA	NA
1317	NA	NA
1318	NA	NA
1319	NA	NA
1320	NA	NA
1321	NA	NA
1322	NA	NA
1323	NA	NA
1324	NA	NA
1325	NA	NA
1326	NA	NA
1327	NA	NA
1328	NA	NA
1329	NA	NA
1330	NA	NA
1331	NA	NA
1332	NA	NA
1333	NA	NA
1334	NA	NA
1335	NA	NA
1336	NA	NA
1337	NA	NA
1338	NA	NA
1339	NA	NA
1340	NA	NA
1341	NA	NA
1342	NA	NA
1343	NA	NA
1344	NA	NA
1345	NA	NA
1346	NA	NA
1347	NA	NA
1348	NA	NA
1349	NA	NA
1350	NA	NA
1351	NA	NA
1352	NA	NA
1353	NA	NA
1354	NA	NA
1355	NA	NA
1356	NA	NA
1357	NA	NA
1358	NA	NA
1359	NA	NA
1360	NA	NA
1361	NA	NA
1362	NA	NA
1363	NA	NA
1364	NA	NA
1365	NA	NA
1366	NA	NA
1367	NA	NA
1368	NA	NA
1369	NA	NA
1370	NA	NA
1371	NA	NA
1372	NA	NA
1373	NA	NA
1374	NA	NA
1375	NA	NA
1376	NA	NA
1377	NA	NA
1378	NA	NA
1379	NA	NA
1380	NA	NA
1381	NA	NA
1382	NA	NA
1383	NA	NA
1384	NA	NA
1385	NA	NA
1386	NA	NA
1387	NA	NA
1388	NA	NA
1389	NA	NA
1390	NA	NA
1391	NA	NA
1392	NA	NA
1393	NA	NA
1394	NA	NA
1395	NA	NA
1396	NA	NA
1397	NA	NA
1398	NA	NA
1399	NA	NA
1400	NA	NA
1401	NA	NA
1402	NA	NA
1403	NA	NA
1404	NA	NA
1405	NA	NA
1406	NA	NA
1407	NA	NA
1408	NA	NA
1409	NA	NA
1410	NA	NA
1411	NA	NA
1412	NA	NA
1413	NA	NA
1414	NA	NA
1415	NA	NA
1416	NA	NA
1417	NA	NA
1418	NA	NA
1419	NA	NA
1420	NA	NA
1421	NA	NA
1422	NA	NA
1423	NA	NA
1424	NA	NA
1425	NA	NA
1426	NA	NA
1427	NA	NA
1428	NA	NA
1429	NA	NA
1430	NA	NA
1431	NA	NA
1432	NA	NA
1433	NA	NA
1434	NA	NA
1435	NA	NA
1436	NA	NA
1437	NA	NA
1438	NA	NA
1439	NA	NA
1440	NA	NA
1441	NA	NA
1442	NA	NA
1443	NA	NA
1444	NA	NA
1445	NA	NA
1446	NA	NA
1447	NA	NA
1448	NA	NA
1449	NA	NA
1450	NA	NA
1451	NA	NA
1452	NA	NA
1453	NA	NA
1454	NA	NA
1455	NA	NA
1456	NA	NA
1457	NA	NA
1458	NA	NA
1459	NA	NA
1460	NA	NA
1461	NA	NA
1462	NA	NA
1463	NA	NA
1464	NA	NA
1465	NA	NA
1466	NA	NA
1467	NA	NA
1468	NA	NA
1469	NA	NA
1470	NA	NA
1471	NA	NA
1472	NA	NA
1473	NA	NA
1474	NA	NA
1475	NA	NA
1476	NA	NA
1477	NA	NA
1478	NA	NA
1479	NA	NA
1480	NA	NA
1481	NA	NA
1482	NA	NA
1483	NA	NA
1484	NA	NA
1485	NA	NA
1486	NA	NA
1487	NA	NA
1488	NA	NA
1489	NA	NA
1490	NA	NA
1491	NA	NA
1492	NA	NA
1493	NA	NA
1494	NA	NA
1495	NA	NA
1496	NA	NA
1497	NA	NA
1498	NA	NA
1499	NA	NA
1500	NA	NA
1501	NA	NA
1502	NA	NA
1503	NA	NA
1504	NA	NA
1505	NA	NA
1506	NA	NA
1507	NA	NA
1508	NA	NA
1509	NA	NA
1510	NA	NA
1511	NA	NA
1512	NA	NA
1513	NA	NA
1514	NA	NA
1515	NA	NA
1516	NA	NA
1517	NA	NA
1518	NA	NA
1519	NA	NA
1520	NA	NA
1521	NA	NA
1522	NA	NA
1523	NA	NA
1524	NA	NA
1525	NA	NA
1526	NA	NA
1527	NA	NA
1528	NA	NA
1529	NA	NA
1530	NA	NA
1531	NA	NA
1532	NA	NA
1533	NA	NA
1534	NA	NA
1535	NA	NA
1536	NA	NA
1537	NA	NA
1538	NA	NA
1539	NA	NA
1540	NA	NA
1541	NA	NA
1542	NA	NA
1543	NA	NA
1544	NA	NA
1545	NA	NA
1546	NA	NA
1547	NA	NA
1548	NA	NA
1549	NA	NA
1550	NA	NA
1551	NA	NA
1552	NA	NA
1553	NA	NA
1554	NA	NA
1555	NA	NA
1556	NA	NA
1557	NA	NA
1558	NA	NA
1559	NA	NA
1560	NA	NA
1561	NA	NA
1562	NA	NA
1563	NA	NA
1564	NA	NA
1565	NA	NA
1566	NA	NA
1567	NA	NA
1568	NA	NA
1569	NA	NA
1570	NA	NA
1571	NA	NA
1572	NA	NA
1573	NA	NA
1574	NA	NA
1575	NA	NA
1576	NA	NA
1577	NA	NA
1578	NA	NA
1579	NA	NA
1580	NA	NA
1581	NA	NA
1582	NA	NA
1583	NA	NA
1584	NA	NA
1585	NA	NA
1586	NA	NA
1587	NA	NA
1588	NA	NA
1589	NA	NA
1590	NA	NA
1591	NA	NA
1592	NA	NA
1593	NA	NA
1594	NA	NA
1595	NA	NA
1596	NA	NA
1597	NA	NA
1598	NA	NA
1599	NA	NA
1600	NA	NA
1601	NA	NA
1602	NA	NA
1603	NA	NA
1604	NA	NA
1605	NA	NA
1606	NA	NA
1607	NA	NA
1608	NA	NA
1609	NA	NA
1610	NA	NA
1611	NA	NA
1612	NA	NA
1613	NA	NA
1614	NA	NA
1615	NA	NA
1616	NA	NA
1617	NA	NA
1618	NA	NA
1619	NA	NA
1620	NA	NA
1621	NA	NA
1622	NA	NA
1623	NA	NA
1624	NA	NA
1625	NA	NA
1626	NA	NA
1627	NA	NA
1628	NA	NA
1629	NA	NA
1630	NA	NA
1631	NA	NA
1632	NA	NA
1633	NA	NA
1634	NA	NA
1635	NA	NA
1636	NA	NA
1637	NA	NA
1638	NA	NA
1639	NA	NA
1640	NA	NA
1641	NA	NA
1642	NA	NA
1643	NA	NA
1644	NA	NA
1645	NA	NA
1646	NA	NA
1647	NA	NA
1648	NA	NA
1649	NA	NA
1650	NA	NA
1651	NA	NA
1652	NA	NA
1653	NA	NA
1654	NA	NA
1655	NA	NA
1656	NA	NA
1657	NA	NA
1658	NA	NA
1659	NA	NA
1660	NA	NA
1661	NA	NA
1662	NA	NA
1663	NA	NA
1664	NA	NA
1665	NA	NA
1666	NA	NA
1667	NA	NA
1668	NA	NA
1669	NA	NA
1670	NA	NA
1671	NA	NA
1672	NA	NA
1673	NA	NA
1674	NA	NA
1675	NA	NA
1676	NA	NA
1677	NA	NA
1678	NA	NA
1679	NA	NA
1680	NA	NA
1681	NA	NA
1682	NA	NA
1683	NA	NA
1684	NA	NA
1685	NA	NA
1686	NA	NA
1687	NA	NA
1688	NA	NA
1689	NA	NA
1690	NA	NA
1691	NA	NA
1692	NA	NA
1693	NA	NA
1694	NA	NA
1695	NA	NA
1696	NA	NA
1697	NA	NA
1698	NA	NA
1699	NA	NA
1700	NA	NA
1701	NA	NA
1702	NA	NA
1703	NA	NA
1704	NA	NA
1705	NA	NA
1706	NA	NA
1707	NA	NA
1708	NA	NA
1709	NA	NA
1710	NA	NA
1711	NA	NA
1712	NA	NA
1713	NA	NA
1714	NA	NA
1715	NA	NA
1716	NA	NA
1717	NA	NA
1718	NA	NA
1719	NA	NA
1720	NA	NA
1721	NA	NA
1722	NA	NA
1723	NA	NA
1724	NA	NA
1725	NA	NA
1726	NA	NA
1727	NA	NA
1728	NA	NA
1729	NA	NA
1730	NA	NA
1731	NA	NA
1732	NA	NA
1733	NA	NA
1734	NA	NA
1735	NA	NA
1736	NA	NA
1737	NA	NA
1738	NA	NA
1739	NA	NA
1740	NA	NA
1741	NA	NA
1742	NA	NA
1743	NA	NA
1744	NA	NA
1745	NA	NA
1746	NA	NA
1747	NA	NA
1748	NA	NA
1749	NA	NA
1750	NA	NA
1751	NA	NA
1752	NA	NA
1753	NA	NA
1754	NA	NA
1755	NA	NA
1756	NA	NA
1757	NA	NA
1758	NA	NA
1759	NA	NA
1760	NA	NA
1761	NA	NA
1762	NA	NA
1763	NA	NA
1764	NA	NA
1765	NA	NA
1766	NA	NA
1767	NA	NA
1768	NA	NA
1769	NA	NA
1770	NA	NA
1771	NA	NA
1772	NA	NA
1773	NA	NA
1774	NA	NA
1775	NA	NA
1776	NA	NA
1777	NA	NA
1778	NA	NA
1779	NA	NA
1780	NA	NA
1781	NA	NA
1782	NA	NA
1783	NA	NA
1784	NA	NA
1785	NA	NA
1786	NA	NA
1787	NA	NA
1788	NA	NA
1789	NA	NA
1790	NA	NA
1791	NA	NA
1792	NA	NA
1793	NA	NA
1794	NA	NA
1795	NA	NA
1796	NA	NA
1797	NA	NA
1798	NA	NA
1799	NA	NA
1800	NA	NA
1801	NA	NA
1802	NA	NA
1803	NA	NA
1804	NA	NA
1805	NA	NA
1806	NA	NA
1807	NA	NA
1808	NA	NA
1809	NA	NA
1810	NA	NA
1811	NA	NA
1812	NA	NA
1813	NA	NA
1814	NA	NA
1815	NA	NA
1816	NA	NA
1817	NA	NA
1818	NA	NA
1819	NA	NA
1820	NA	NA
1821	NA	NA
1822	NA	NA
1823	NA	NA
1824	NA	NA
1825	NA	NA
1826	NA	NA
1827	NA	NA
1828	NA	NA
1829	NA	NA
1830	NA	NA
1831	NA	NA
1832	NA	NA
1833	NA	NA
1834	NA	NA
1835	NA	NA
1836	NA	NA
1837	NA	NA
1838	NA	NA
1839	NA	NA
1840	NA	NA
1841	NA	NA
1842	NA	NA
1843	NA	NA
1844	NA	NA
1845	NA	NA
1846	NA	NA
1847	NA	NA
1848	NA	NA
1849	NA	NA
1850	NA	NA
1851	NA	NA
1852	NA	NA
1853	NA	NA
1854	NA	NA
1855	NA	NA
1856	NA	NA
1857	NA	NA
1858	NA	NA
1859	NA	NA
1860	NA	NA
1861	NA	NA
1862	NA	NA
1863	NA	NA
1864	NA	NA
1865	NA	NA
1866	NA	NA
1867	NA	NA
1868	NA	NA
1869	NA	NA
1870	NA	NA
1871	NA	NA
1872	NA	NA
1873	NA	NA
1874	NA	NA
1875	NA	NA
1876	NA	NA
1877	NA	NA
1878	NA	NA
1879	NA	NA
1880	NA	NA
1881	NA	NA
1882	NA	NA
1883	NA	NA
1884	NA	NA
1885	NA	NA
1886	NA	NA
1887	NA	NA
1888	NA	NA
1889	NA	NA
1890	NA	NA
1891	NA	NA
1892	NA	NA
1893	NA	NA
1894	NA	NA
1895	NA	NA
1896	NA	NA
1897	NA	NA
1898	NA	NA
1899	NA	NA
1900	NA	NA
1901	NA	NA
1902	NA	NA
1903	NA	NA
1904	NA	NA
1905	NA	NA
1906	NA	NA
1907	NA	NA
1908	NA	NA
1909	NA	NA
1910	NA	NA
1911	NA	NA
1912	NA	NA
1913	NA	NA
1914	NA	NA
1915	NA	NA
1916	NA	NA
1917	NA	NA
1918	NA	NA
1919	NA	NA
1920	NA	NA
1921	NA	NA
1922	NA	NA
1923	NA	NA
1924	NA	NA
1925	NA	NA
1926	NA	NA
1927	NA	NA
1928	NA	NA
1929	NA	NA
1930	NA	NA
1931	NA	NA
1932	NA	NA
1933	NA	NA
1934	NA	NA
100021	1049	1050
100022	1051	1052
100031	1053	1054
100032	1055	1056
100041	1057	1058
100042	1059	1060
100051	1061	1062
100052	1063	1064
100071	1065	1066
100072	1067	1068
100081	1069	1070
100082	1071	1072
100091	1073	1074
100092	1075	1076
100101	1077	1078
100102	1079	1080
100121	1081	1082
100122	1083	1084
100141	1085	1086
100142	1087	1088
100151	1089	1090
100152	1091	1092
100161	1093	1094
100162	1095	1096
100171	1097	1098
100172	1099	1100
100181	1101	1102
100182	1103	1104
100191	1105	1106
100192	1107	1108
100201	1109	1110
100202	1111	1112
100211	1113	1114
100212	1115	1116
100221	1117	1118
100222	1119	1120
100231	1121	1122
100232	1123	1124
100251	1125	1126
100252	1127	1128
100261	1129	1130
100262	1131	1132
100281	1133	1134
100282	1135	1136
100291	1137	1138
100292	1139	1140
100301	1141	1142
100302	1143	1144
100311	1145	1146
100312	1147	1148
100321	1149	1150
100322	1151	1152
100341	1153	1154
100342	1155	1156
100351	1157	1158
100352	1159	1160
100361	1161	1162
100362	1163	1164
100371	1165	1166
100372	1167	1168
100381	1169	1170
100382	1171	1172
100391	1173	1174
100392	1175	1176
100401	1177	1178
100402	1179	1180
100411	1181	1182
100412	1183	1184
100421	1185	1186
100422	1187	1188
100431	1189	1190
100432	1191	1192
100441	1193	1194
100442	1195	1196
100451	1197	1198
100452	1199	1200
100461	1201	1202
100462	1203	1204
100471	1205	1206
100472	1207	1208
100491	1209	1210
100492	1211	1212
100501	1213	1214
100502	1215	1216
100511	1217	1218
100512	1219	1220
100521	1221	1222
100522	1223	1224
100541	1225	1226
100542	1227	1228
100551	1229	1230
100552	1231	1232
100561	1233	1234
100562	1235	1236
100571	1237	1238
100572	1239	1240
100581	1241	1242
100582	1243	1244
100591	1245	1246
100592	1247	1248
100601	1249	1250
100602	1251	1252
100611	1253	1254
100612	1255	1256
100621	1257	1258
100622	1259	1260
100631	1261	1262
100632	1263	1264
100641	1265	1266
100642	1267	1268
100651	1269	1270
100652	1271	1272
100661	1273	1274
100662	1275	1276
100671	1277	1278
100672	1279	1280
100681	1281	1282
100682	1283	1284
100691	1285	1286
100692	1287	1288
100701	1289	1290
100702	1291	1292
100711	1293	1294
100712	1295	1296
100721	1297	1298
100722	1299	1300
100731	1301	1302
100732	1303	1304
100741	1305	1306
100742	1307	1308
100751	1309	1310
100752	1311	1312
100761	1313	1314
100762	1315	1316
100771	1317	1318
100772	1319	1320
100781	1321	1322
100782	1323	1324
100791	1325	1326
100792	1327	1328
100801	1329	1330
100802	1331	1332
100831	1333	1334
100832	1335	1336
100841	1337	1338
100842	1339	1340
100851	1341	1342
100852	1343	1344
100861	1345	1346
100862	1347	1348
100871	1349	1350
100872	1351	1352
100881	1353	1354
100882	1355	1356
100891	1357	1358
100892	1359	1360
100901	1361	1362
100902	1363	1364
100911	1365	1366
100912	1367	1368
100921	1369	1370
100922	1371	1372
100931	1373	1374
100932	1375	1376
100941	1377	1378
100942	1379	1380
100951	1381	1382
100952	1383	1384
100961	1385	1386
100962	1387	1388
100971	1389	1390
100972	1391	1392
100981	1393	1394
100982	1395	1396
100991	1397	1398
100992	1399	1400
101001	1401	1402
101002	1403	1404
101011	1405	1406
101012	1407	1408
101021	1409	1410
101022	1411	1412
101031	1413	1414
101032	1415	1416
101041	1417	1418
101042	1419	1420
101051	1421	1422
101052	1423	1424
101061	1425	1426
101062	1427	1428
101071	1429	1430
101072	1431	1432
101081	1433	1434
101082	1435	1436
101101	1437	1438
101102	1439	1440
101111	1441	1442
101112	1443	1444
101121	1445	1446
101122	1447	1448
101151	1449	1450
101152	1451	1452
101161	1453	1454
101162	1455	1456
101171	1457	1458
101172	1459	1460
101181	1461	1462
101182	1463	1464
101191	1465	1466
101192	1467	1468
101211	1469	1470
101212	1471	1472
101221	1473	1474
101222	1475	1476
101231	1477	1478
101232	1479	1480
101241	1481	1482
101242	1483	1484
101251	1485	1486
101252	1487	1488
101271	1489	1490
101272	1491	1492
101291	1493	1494
101292	1495	1496
101301	1497	1498
101302	1499	1500
101311	1501	1502
101312	1503	1504
101321	1505	1506
101322	1507	1508
101341	1509	1510
101342	1511	1512
101351	1513	1514
101352	1515	1516
101361	1517	1518
101362	1519	1520
101371	1521	1522
101372	1523	1524
101381	1525	1526
101382	1527	1528
101401	1529	1530
101402	1531	1532
101411	1533	1534
101412	1535	1536
101431	1537	1538
101432	1539	1540
101441	1541	1542
101442	1543	1544
101451	1545	1546
101452	1547	1548
101461	1549	1550
101462	1551	1552
101471	1553	1554
101472	1555	1556
101481	1557	1558
101482	1559	1560
101491	1561	1562
101492	1563	1564
101501	1565	1566
101502	1567	1568
101511	1569	1570
101512	1571	1572
101521	1573	1574
101522	1575	1576
101531	1577	1578
101532	1579	1580
101601	1581	1582
101602	1583	1584
101611	1585	1586
101612	1587	1588
101631	1589	1590
101632	1591	1592
101641	1593	1594
101642	1595	1596
101651	1597	1598
101652	1599	1600
101661	1601	1602
101662	1603	1604
102041	1605	1606
102042	1607	1608
102061	1609	1610
102062	1611	1612
102091	1613	1614
102092	1615	1616
102101	1617	1618
102102	1619	1620
102121	1621	1622
102122	1623	1624
102131	1625	1626
102132	1627	1628
102141	1629	1630
102142	1631	1632
102171	1633	1634
102172	1635	1636
102221	1637	1638
102222	1639	1640
102231	1641	1642
102232	1643	1644
102301	1645	1646
102302	1647	1648
102311	1649	1650
102312	1651	1652
102321	1653	1654
102322	1655	1656
102331	1657	1658
102332	1659	1660
102351	1661	1662
102352	1663	1664
102451	1665	1666
102452	1667	1668
102461	1669	1670
102462	1671	1672
102471	1673	1674
102472	1675	1676
102481	1677	1678
102482	1679	1680
102491	1681	1682
102492	1683	1684
102501	1685	1686
102502	1687	1688
102511	1689	1690
102512	1691	1692
102521	1693	1694
102522	1695	1696
102541	1697	1698
102542	1699	1700
102551	1701	1702
102552	1703	1704
200011	1	2
200012	100032	100031
200021	3	4
200022	101042	101041
200031	100022	100021
200032	100072	100071
200041	101612	101611
200042	101662	101661
200051	100262	100261
200052	101242	101241
200061	5	6
200062	101382	101381
200071	100432	100431
200072	100932	100931
200081	100022	100021
200082	101342	101341
200091	100082	100081
200092	100352	100351
200101	7	8
200102	101072	101071
200111	100392	100391
200112	9	10
200121	100302	100301
200122	11	12
200141	100392	100391
200142	13	14
200151	100932	100931
200152	15	16
200161	101152	101151
200162	17	18
200171	100122	100121
200172	100862	100861
200181	100072	100071
200182	100032	100031
200201	19	20
200202	100872	100871
200231	100302	100301
200232	21	22
200241	23	24
200242	25	26
200251	27	28
200252	102352	102351
200261	29	30
200262	100892	100891
200291	100082	100081
200292	101222	101221
200301	100182	100181
200302	101512	101511
200311	101662	101661
200312	100622	100621
200321	100152	100151
200322	31	32
200341	102512	102511
200342	100772	100771
200351	33	34
200352	101612	101611
200361	100862	100861
200362	101162	101161
200371	100162	100161
200372	101102	101101
200381	100302	100301
200382	100192	100191
200401	100082	100081
200402	100782	100781
200411	100302	100301
200412	101152	101151
200431	35	36
200432	101502	101501
200451	100372	100371
200452	100342	100341
200471	101112	101111
200472	101472	101471
200491	100082	100081
200492	101052	101051
200521	100462	100461
200522	102512	102511
200541	37	38
200542	100262	100261
200561	100042	100041
200562	101502	101501
200571	100982	100981
200572	100672	100671
200581	101162	101161
200582	100302	100301
200591	102482	102481
200592	101162	101161
200601	100322	100321
200602	100022	100021
200611	101012	101011
200612	100122	100121
200621	101022	101021
200622	100452	100451
200631	100202	100201
200632	101112	101111
200641	102482	102481
200642	101502	101501
200661	101102	101101
200662	39	40
200681	102332	102331
200682	101452	101451
200691	101612	101611
200692	101662	101661
200701	100922	100921
200702	100052	100051
200711	100842	100841
200712	101152	101151
200721	100782	100781
200722	100072	100071
200731	100952	100951
200732	100172	100171
200741	101002	101001
200742	101032	101031
200751	101082	101081
200752	41	42
200761	101042	101041
200762	102492	102491
200771	102482	102481
200772	43	44
200781	102332	102331
200782	100452	100451
200791	45	46
200792	101102	101101
200811	100282	100281
200812	100772	100771
200821	100442	100441
200822	101122	101121
200831	102522	102521
200832	101312	101311
200841	100162	100161
200842	100632	100631
200851	100412	100411
200852	47	48
200871	101242	101241
200872	100672	100671
200881	100502	100501
200882	102512	102511
200891	100592	100591
200892	100612	100611
200911	100052	100051
200912	100552	100551
200921	49	50
200922	102312	102311
200931	100262	100261
200932	102352	102351
200941	102042	102041
200942	100642	100641
200951	102042	102041
200952	101642	101641
200961	102042	102041
200962	100382	100381
200971	101012	101011
200972	51	52
200981	100892	100891
200982	102522	102521
200991	100962	100961
200992	101352	101351
201001	100542	100541
201002	100702	100701
201011	102542	102541
201012	100592	100591
201021	53	54
201022	100162	100161
201041	55	56
201042	102132	102131
201051	101452	101451
201052	100922	100921
201061	100562	100561
201062	57	58
201071	59	60
201072	102062	102061
201081	100162	100161
201082	100342	100341
201101	102552	102551
201102	100692	100691
201111	102042	102041
201112	100852	100851
201121	100542	100541
201122	102322	102321
201131	61	62
201132	100342	100341
201141	102482	102481
201142	100702	100701
201151	100292	100291
201152	101662	101661
201161	100072	100071
201162	63	64
201171	100202	100201
201172	101102	101101
201181	100722	100721
201182	100232	100231
201191	100702	100701
201192	101022	101021
201201	101452	101451
201202	101512	101511
201211	100022	100021
201212	100262	100261
201231	101492	101491
201232	65	66
201241	100502	100501
201242	100152	100151
201251	100162	100161
201252	101502	101501
201261	101642	101641
201262	100342	100341
201271	100512	100511
201272	100922	100921
201281	100552	100551
201282	102542	102541
201291	67	68
201292	100862	100861
201311	69	70
201312	101042	101041
201321	102132	102131
201322	101122	101121
201331	102042	102041
201332	100512	100511
201341	102042	102041
201342	100042	100041
201351	102172	102171
201352	102322	102321
201361	102092	102091
201362	71	72
201371	100882	100881
201372	100342	100341
201381	100852	100851
201382	100702	100701
201391	101112	101111
201392	73	74
201401	102522	102521
201402	75	76
201411	100182	100181
201412	77	78
201421	100182	100181
201422	79	80
201431	101402	101401
201432	81	82
201441	101062	101061
201442	102542	102541
201451	100182	100181
201452	100612	100611
201471	100502	100501
201472	101322	101321
201481	100772	100771
201482	102092	102091
201491	101382	101381
201492	101192	101191
201501	101382	101381
201502	101362	101361
201511	100232	100231
201512	100502	100501
201521	100182	100181
201522	100642	100641
201531	100422	100421
201532	102122	102121
201541	100202	100201
201542	100182	100181
201551	101452	101451
201552	100972	100971
201561	100942	100941
201562	101012	101011
201581	101322	101321
201582	100782	100781
201591	100502	100501
201592	100872	100871
201601	101412	101411
201602	101382	101381
201611	100732	100731
201612	101472	101471
201621	100192	100191
201622	101012	101011
201631	101272	101271
201632	100712	100711
201641	100422	100421
201642	100742	100741
201651	101322	101321
201652	100872	100871
201661	101522	101521
201662	83	84
201671	100612	100611
201672	100182	100181
201681	101432	101431
201682	100412	100411
201691	101432	101431
201692	100982	100981
201711	100942	100941
201712	101002	101001
201721	101462	101461
201722	100972	100971
201731	100882	100881
201732	100712	100711
201741	100582	100581
201742	100742	100741
201751	100492	100491
201752	100892	100891
201761	100492	100491
201762	102132	102131
201771	101022	101021
201772	100632	100631
201781	100692	100691
201782	101212	101211
201791	100422	100421
201792	100662	100661
201801	101192	101191
201802	100042	100041
201811	101222	101221
201812	101002	101001
201821	100502	100501
201822	85	86
201831	101362	101361
201832	101252	101251
201841	87	88
201842	102322	102321
201851	101182	101181
201852	100672	100671
201861	100732	100731
201862	102542	102541
201871	100722	100721
201872	89	90
201881	100902	100901
201882	100182	100181
201891	101062	101061
201892	101222	101221
201901	100602	100601
201902	100542	100541
201911	101272	101271
201912	102512	102511
201921	100682	100681
201922	100522	100521
201931	100492	100491
201932	102062	102061
201941	100562	100561
201942	91	92
201951	101322	101321
201952	100282	100281
201961	100512	100511
201962	100602	100601
201971	100602	100601
201972	102062	102061
201981	102232	102231
201982	100792	100791
201991	101222	101221
201992	100612	100611
202001	100852	100851
202002	93	94
202021	100172	100171
202022	100522	100521
202031	101252	101251
202032	100172	100171
202041	95	96
202042	100172	100171
202051	101372	101371
202052	97	98
202061	101342	101341
202062	100842	100841
202071	99	100
202072	102322	102321
202081	101212	101211
202082	100382	100381
202091	100692	100691
202092	100952	100951
202101	100692	100691
202102	100902	100901
202111	100682	100681
202112	100142	100141
202121	100552	100551
202122	101032	101031
202131	101352	101351
202132	101472	101471
202141	100722	100721
202142	101632	101631
202151	101412	101411
202152	101212	101211
202161	100712	100711
202162	102492	102491
202171	101	102
202172	100772	100771
202181	100762	100761
202182	100712	100711
202191	101222	101221
202192	101472	101471
202201	101322	101321
202202	101352	101351
202211	101312	101311
202212	100692	100691
202221	100662	100661
202222	100752	100751
202231	100452	100451
202232	103	104
202241	101432	101431
202242	100732	100731
202251	101252	101251
202252	101002	101001
202261	100672	100671
202262	101362	101361
202271	101462	101461
202272	101312	101311
202281	100192	100191
202282	101192	101191
202291	100092	100091
202292	100282	100281
202301	105	106
202302	102492	102491
202311	100732	100731
202312	102092	102091
202321	107	108
202322	101252	101251
202331	100352	100351
202332	101152	101151
202341	109	110
202342	102222	102221
202391	100562	100561
202392	100232	100231
202431	102552	102551
202432	100932	100931
202461	101532	101531
202462	101292	101291
202471	101522	101521
202472	100292	100291
202481	101642	101641
202482	100322	100321
202491	100422	100421
202492	100922	100921
202501	101232	101231
202502	101252	101251
202511	101272	101271
202512	100662	100661
202531	101242	101241
202532	100122	100121
202541	100872	100871
202542	101492	101491
202551	100642	100641
202552	101032	101031
202561	101512	101511
202562	100312	100311
202571	101062	101061
202572	100202	100201
202581	101402	101401
202582	102122	102121
202591	100662	100661
202592	101242	101241
202601	100762	100761
202602	111	112
202611	100762	100761
202612	101532	101531
202621	102302	102301
202622	102522	102521
202631	101642	101641
202632	100122	100121
202641	101522	101521
202642	100362	100361
202651	101172	101171
202652	101512	101511
202661	100972	100971
202662	100562	100561
202671	101522	101521
202672	100762	100761
202681	100882	100881
202682	100942	100941
202691	101052	101051
202692	113	114
202711	100452	100451
202712	102142	102141
202721	102312	102311
202722	101492	101491
202731	101312	101311
202732	100612	100611
202741	101292	101291
202742	115	116
202751	101402	101401
202752	100102	100101
202761	101112	101111
202762	100312	100311
202771	100982	100981
202772	100152	100151
202781	101232	101231
202782	100522	100521
202791	101372	101371
202792	117	118
202801	100292	100291
202802	101302	101301
202811	100652	100651
202812	100522	100521
202821	100592	100591
202822	100432	100431
202831	100842	100841
202832	101342	101341
202851	101032	101031
202852	100232	100231
202861	100952	100951
202862	100042	100041
202871	100942	100941
202872	100492	100491
202881	100032	100031
202882	100542	100541
300011	200082	200081
300012	200302	200301
300021	200842	200841
300022	200052	200051
300031	200012	200011
300032	200412	200411
300041	200102	200101
300042	200692	200691
300051	200382	200381
300052	200582	200581
300061	200382	200381
300062	200722	200721
300071	200032	200031
300072	137	138
300081	200632	200631
300082	201872	201871
300091	200612	200611
300092	200352	200351
300101	200412	200411
300102	200012	200011
300121	200932	200931
300122	200352	200351
300131	200082	200081
300132	200722	200721
300141	200122	200121
300142	139	140
300151	200082	200081
300152	200372	200371
300161	200992	200991
300162	200542	200541
300171	200372	200371
300172	201022	201021
300181	200602	200601
300182	200662	200661
300191	201112	201111
300192	200112	200111
300201	200352	200351
300202	200942	200941
300211	200722	200721
300212	200452	200451
300221	200722	200721
300222	200202	200201
300231	200642	200641
300232	201882	201881
300241	200052	200051
300242	201212	201211
300251	200022	200021
300252	200542	200541
300261	200172	200171
300262	200052	200051
300271	119	120
300272	200312	200311
300291	201372	201371
300292	200852	200851
300311	200372	200371
300312	200592	200591
300321	201022	201021
300322	201422	201421
300331	200752	200751
300332	200402	200401
300341	201422	201421
300342	200022	200021
300351	201112	201111
300352	200012	200011
300361	121	122
300362	201112	201111
300371	200202	200201
300372	200402	200401
300381	200662	200661
300382	200202	200201
300391	200612	200611
300392	202152	202151
300401	200962	200961
300402	200932	200931
300411	200172	200171
300412	200822	200821
300421	200232	200231
300422	200292	200291
300431	200172	200171
300432	200092	200091
300441	200932	200931
300442	200292	200291
300451	201372	201371
300452	200602	200601
300461	201212	201211
300462	200762	200761
300471	200772	200771
300472	201842	201841
300481	200582	200581
300482	200472	200471
300491	201212	201211
300492	201632	201631
300501	200362	200361
300502	200792	200791
300511	200772	200771
300512	201752	201751
300521	201422	201421
300522	200432	200431
300531	200612	200611
300532	201772	201771
300541	200872	200871
300542	200072	200071
300571	201692	201691
300572	200772	200771
300581	200582	200581
300582	200622	200621
300591	202232	202231
300592	200022	200021
300621	201722	201721
300622	201632	201631
300631	200182	200181
300632	200682	200681
300641	200522	200521
300642	200322	200321
300651	200692	200691
300652	200592	200591
300661	123	124
300662	141	142
300671	125	126
300672	143	144
300681	201882	201881
300682	200182	200181
300691	200792	200791
300692	201922	201921
300701	201512	201511
300702	201752	201751
300711	201972	201971
300712	201372	201371
300721	201592	201591
300722	201852	201851
300731	201332	201331
300732	201002	201001
300741	201922	201921
300742	200342	200341
300751	201712	201711
300752	200342	200341
300761	200112	200111
300762	200762	200761
300771	200112	200111
300772	201942	201941
300781	200572	200571
300782	201742	201741
300801	200572	200571
300802	201752	201751
300811	200792	200791
300812	200972	200971
300821	200182	200181
300822	200542	200541
300831	200452	200451
300832	200412	200411
300841	201992	201991
300842	201772	201771
300851	201762	201761
300852	201932	201931
300861	201392	201391
300862	201002	201001
300871	200522	200521
300872	200622	200621
300881	201712	201711
300882	201742	201741
300891	201692	201691
300892	201352	201351
300901	201952	201951
300902	202082	202081
300911	201922	201921
300912	202762	202761
300931	201682	201681
300932	202392	202391
300941	202102	202101
300942	200042	200041
300961	202142	202141
300962	200952	200951
300971	201012	201011
300972	202212	202211
300981	200642	200641
300982	202132	202131
300991	200832	200831
300992	202142	202141
301001	200762	200761
301002	201852	201851
301011	200872	200871
301012	202092	202091
301021	200632	200631
301022	201342	201341
301031	200032	200031
301032	200882	200881
301041	200892	200891
301042	200312	200311
301051	202132	202131
301052	200892	200891
301061	200312	200311
301062	200382	200381
301071	200692	200691
301072	201082	201081
301081	201992	201991
301082	200142	200141
301101	201592	201591
301102	202822	202821
301111	201802	201801
301112	202002	202001
301141	200732	200731
301142	200492	200491
301151	200572	200571
301152	201872	201871
301161	201062	201061
301162	201142	201141
301171	202002	202001
301172	202302	202301
301181	201652	201651
301182	200982	200981
301191	201992	201991
301192	201792	201791
301201	201512	201511
301202	202182	202181
301211	200952	200951
301212	202202	202201
301221	200682	200681
301222	201522	201521
301231	201662	201661
301232	201382	201381
301241	200832	200831
301242	202312	202311
301251	201512	201511
301252	200152	200151
301261	201652	201651
301262	200782	200781
301271	201562	201561
301272	200732	200731
301281	202302	202301
301282	202102	202101
301301	202062	202061
301302	201662	201661
301311	200592	200591
301312	201542	201541
301321	201892	201891
301322	201182	201181
301331	201652	201651
301332	201892	201891
301341	200232	200231
301342	201832	201831
301351	201062	201061
301352	200142	200141
301361	200232	200231
301362	201352	201351
301371	201972	201971
301372	202032	202031
301381	202782	202781
301382	201902	201901
301391	200982	200981
301392	201322	201321
301411	201632	201631
301412	202612	202611
301421	201932	201931
301422	202802	202801
301431	201892	201891
301432	202072	202071
301441	200842	200841
301442	201102	201101
301451	200832	200831
301452	201272	201271
301461	200362	200361
301462	201052	201051
301471	201822	201821
301472	200892	200891
301481	202122	202121
301482	201552	201551
301491	201202	201201
301492	202782	202781
301501	202292	202291
301502	201042	201041
301511	201142	201141
301512	200292	200291
301521	127	128
301522	145	146
301531	129	130
301532	147	148
301551	201952	201951
301552	200642	200641
301561	202122	202121
301562	200872	200871
301571	200562	200561
301572	200432	200431
301581	201822	201821
301582	149	150
301591	201352	201351
301592	200622	200621
301601	202072	202071
301602	151	152
301611	202182	202181
301612	200942	200941
301621	202062	202061
301622	153	154
301631	202152	202151
301632	201242	201241
301641	201622	201621
301642	201872	201871
301651	200852	200851
301652	201842	201841
301661	201272	201271
301662	201472	201471
301681	202782	202781
301682	201652	201651
301691	131	132
301692	155	156
301701	201182	201181
301702	202232	202231
301711	201322	201321
301712	202712	202711
301721	201582	201581
301722	202672	202671
301731	201812	201811
301732	157	158
301741	201082	201081
301742	201132	201131
301751	201812	201811
301752	201412	201411
301761	201452	201451
301762	201252	201251
301771	202512	202511
301772	201502	201501
301781	201252	201251
301782	201162	201161
301791	200042	200041
301792	201122	201121
301801	202502	202501
301802	201432	201431
301811	201662	201661
301812	201262	201261
301821	202672	202671
301822	201452	201451
301831	133	134
301832	159	160
301841	201072	201071
301842	200962	200961
301851	201082	201081
301852	202532	202531
301861	201182	201181
301862	202472	202471
301871	201592	201591
301872	201052	201051
301881	201732	201731
301882	202322	202321
301891	201842	201841
301892	202042	202041
301901	202612	202611
301902	201052	201051
301911	201252	201251
301912	201672	201671
301921	200662	200661
301922	201242	201241
301931	201182	201181
301932	201522	201521
301941	200922	200921
301942	202532	202531
301951	201242	201241
301952	201532	201531
301961	202152	202151
301962	201942	201941
301971	201432	201431
301972	202052	202051
301991	202022	202021
301992	201162	201161
302001	201282	201281
302002	161	162
302011	201082	201081
302012	163	164
302021	201492	201491
302022	201382	201381
302031	202072	202071
302032	202202	202201
302051	202492	202491
302052	200122	200121
302061	201072	201071
302062	165	166
302071	201072	201071
302072	167	168
302081	201292	201291
302082	202232	202231
302091	201362	201361
302092	201162	201161
302101	201472	201471
302102	201872	201871
302111	201602	201601
302112	201822	201821
302121	202232	202231
302122	201472	201471
302131	202252	202251
302132	201502	201501
302141	135	136
302142	169	170
302151	200882	200881
302152	202812	202811
302161	201502	201501
302162	202792	202791
302171	202082	202081
302172	202732	202731
302181	202572	202571
302182	202162	202161
302191	202212	202211
302192	200992	200991
302201	202562	202561
302202	202572	202571
302211	202562	202561
302212	202582	202581
302221	201782	201781
302222	202482	202481
302231	201842	201841
302232	202542	202541
302241	202042	202041
302242	202542	202541
302251	202602	202601
302252	171	172
302261	202052	202051
302262	173	174
302271	202072	202071
302272	202552	202551
302291	202602	202601
302292	175	176
302301	202602	202601
302302	201912	201911
302311	202542	202541
302312	202712	202711
302321	202602	202601
302322	200852	200851
302331	201782	201781
302332	202662	202661
302341	202462	202461
302342	201152	201151
302351	202722	202721
302352	200062	200061
302371	202032	202031
302372	201202	201201
302381	202252	202251
302382	202792	202791
302391	202622	202621
302392	177	178
302401	202802	202801
302402	201872	201871
302411	202282	202281
302412	179	180
302421	202642	202641
302422	181	182
302431	200142	200141
302432	202082	202081
302441	200452	200451
302442	202042	202041
302461	200842	200841
302462	200102	200101
302471	200882	200881
302472	200152	200151
302481	202292	202291
302482	200092	200091
302501	201532	201531
302502	200492	200491
302511	200252	200251
302512	183	184
302521	200432	200431
302522	185	186
302531	201332	201331
302532	200012	200011
302541	201392	201391
302542	200352	200351
302551	202112	202111
302552	202532	202531
302561	202642	202641
302562	200092	200091
302571	201272	201271
302572	187	188
GF00_2011	302531	302532
GF02_2011	302531	302532
GF04_2011	302531	302532
GF05_2011	302531	302532
GH00_2011	302321	302322
GH08_2011	302371	302372
GS02_2011	302101	302102
GT00_2011	302201	302202
GT01_2011	302201	302202
GT02_2011	302201	302202
GV01_2011	301971	301972
GV02_2011	301991	301992
GV06_2011	301921	301922
GV07_2011	301991	301992
GV09_2011	302051	302052
GV11_2011	301961	301962
GV12_2011	301991	301992
GV13_2011	301951	301952
GV14_2011	301921	301922
GV15_2011	301921	301922
GV16_2011	301951	301952
GV19_2011	301911	301912
GV20_2011	302111	302112
GV22_2011	301991	301992
GV23_2011	301941	301942
GV24_2011	302021	302022
GV25_2011	301921	301922
GV30_2011	302111	302112
GV35_2011	301941	301942
GV36_2011	302051	302052
GV37_2011	301941	301942
GV39_2011	302071	302072
GV63_2011	301961	301962
GY00_2011	302191	302192
GY02_2011	302131	302132
GY03_2011	302111	302112
GY06_2011	302071	302072
GY08_2011	302191	302192
GY09_2011	302091	302092
GY11_2011	302091	302092
OC04_2011	301901	301902
OC06_2011	302011	302012
OC07_2011	301871	301872
OC08_2011	302011	302012
OC10_2011	301931	301932
OC11_2011	301891	301892
OC13_2011	301841	301842
OC14_2011	302001	302002
OC33_2011	301891	301892
OC35_2011	301891	301892
OD02_2011	301801	301802
OD04_2011	301801	301802
OD11_2011	301811	301812
OD21_2011	301791	301792
OD22_2011	301821	301822
OD24_2011	301801	301802
OD25_2011	301851	301852
OD26_2011	301781	301782
OD27_2011	301781	301782
OD29_2011	301801	301802
OD30_2011	301851	301852
OD47_2011	301881	301882
OD63_2011	301881	301882
OH01_2011	301751	301752
OH04_2011	300811	300812
OH07_2011	301751	301752
OH10_2011	301711	301712
OH11_2011	301721	301722
OH14_2011	301771	301772
OH17_2011	301731	301732
OH25_2011	301701	301702
OH28_2011	301731	301732
OH34_2011	301761	301762
OH41_2011	300801	300802
OH46_2011	301771	301772
OH53_2011	301731	301732
OH60_2011	301731	301732
OH63_2011	301751	301752
OH66_2011	301621	301622
OI01_2011	301641	301642
OI02_2011	301651	301652
OI03_2011	301641	301642
OI04_2011	301681	301682
OI05_2011	301651	301652
OI08_2011	301651	301652
OI10_2011	301651	301652
OI11_2011	301611	301612
OI13_2011	301621	301622
OI14_2011	301661	301662
OI17_2011	301651	301652
OI18_2011	301651	301652
OI26_2011	301621	301622
OI27_2011	301631	301632
OI28_2011	301621	301622
OI33_2011	301621	301622
OI34_2011	301621	301622
OI38_2011	301651	301652
OI54_2011	301621	301622
OI55_2011	301691	301692
OI57_2011	301621	301622
OI65_2011	301621	301622
OI70_2011	301621	301622
OJ05_2011	301601	301602
OJ07_2011	301591	301592
OJ08_2011	301581	301582
OJ10_2011	301471	301472
OJ11_2011	301551	301552
OJ14_2011	301471	301472
OJ16_2011	301561	301562
OJ18_2011	301471	301472
OJ24_2011	301471	301472
OJ33_2011	301581	301582
OJ39_2011	301601	301602
OJ50_2011	301571	301572
OJ65_2011	301601	301602
OJ66_2011	301581	301582
OJ72_2011	301521	301522
OJ82_2011	301571	301572
OK00_2011	301461	301462
OK03_2011	301521	301522
OK05_2011	301441	301442
OK09_2011	301451	301452
OK11_2011	301481	301482
OK13_2011	301491	301492
OK14_2011	301481	301482
OK16_2011	301491	301492
OK21_2011	301501	301502
OK27_2011	301491	301492
OK31_2011	301521	301522
OK39_2011	301461	301462
OK40_2011	301501	301502
OK60_2011	301481	301482
OK61_2011	301511	301512
ON00_2011	301341	301342
ON04_2011	301431	301432
ON05_2011	301351	301352
ON06_2011	301421	301422
ON07_2011	301351	301352
ON08_2011	301411	301412
ON09_2011	301351	301352
ON10_2011	301351	301352
ON12_2011	301301	301302
ON13_2011	301341	301342
ON22_2011	301381	301382
ON30_2011	301381	301382
ON54_2011	301381	301382
ON57_2011	301381	301382
ON61_2011	301431	301432
ON62_2011	301391	301392
ON71_2011	301351	301352
ON74_2011	301371	301372
ON76_2011	301411	301412
OP02_2011	301361	301362
OP04_2011	301331	301332
OP14_2011	301311	301312
OP15_2011	301361	301362
OP43_2011	301321	301322
OP49_2011	301181	301182
OP57_2011	301071	301072
OP82_2011	301301	301302
OP83_2011	301361	301362
OS01_2011	301201	301202
OS06_2011	301231	301232
OS08_2011	301161	301162
OS09_2011	301251	301252
OS15_2011	301271	301272
OS20_2011	301271	301272
OS29_2011	301271	301272
OS36_2011	301251	301252
OS39_2011	301241	301242
OS43_2011	301251	301252
OS46_2011	301251	301252
OS51_2011	301261	301262
OS52_2011	301251	301252
OS54_2011	301231	301232
OS55_2011	301251	301252
OS56_2011	301231	301232
OS58_2011	301211	301212
OU02_2011	301101	301102
OU08_2011	301151	301152
OU10_2011	301111	301112
OU11_2011	301171	301172
OU14_2011	301111	301112
OU15_2011	301111	301112
OU16_2011	301221	301222
OU17_2011	301151	301152
OU19_2011	301111	301112
OU20_2011	301191	301192
OU21_2011	301081	301082
OU24_2011	301151	301152
OU25_2011	301171	301172
OU26_2011	301191	301192
OU27_2011	301171	301172
OU29_2011	301171	301172
OU30_2011	301141	301142
OU38_2011	301151	301152
OU40_2011	301171	301172
OU43_2011	301171	301172
OU49_2011	301191	301192
OX00_2011	301031	301032
OX02_2011	301021	301022
OX09_2011	301061	301062
OX33_2011	301051	301052
OX35_2011	301001	301002
OX36_2011	301031	301032
OX50_2011	300991	300992
OX53_2011	301041	301042
OX54_2011	301021	301022
OZ04_2011	300911	300912
OZ06_2011	300971	300972
OZ07_2011	300901	300902
OZ17_2011	300931	300932
OZ22_2011	300911	300912
OZ30_2011	300961	300962
OZ34_2011	300981	300982
OZ38_2011	300891	300892
OZ45_2011	300941	300942
YA00_2011	300871	300872
YA03_2011	300861	300862
YA07_2011	300861	300862
YA09_2011	300811	300812
YA11_2011	300811	300812
YA13_2011	300861	300862
YA14_2011	300811	300812
YA15_2011	300881	300882
YA19_2011	300841	300842
YA24_2011	300881	300882
YA28_2011	300811	300812
YA30_2011	300831	300832
YA34_2011	300821	300822
YA45_2011	300811	300812
YA51_2011	300841	300842
YA53_2011	300861	300862
YA55_2011	300881	300882
YA58_2011	300861	300862
YA59_2011	300811	300812
YA60_2011	300841	300842
YA62_2011	300851	300852
YA68_2011	300861	300862
YA69_2011	300811	300812
YB01_2011	300771	300772
YB02_2011	300721	300722
YB07_2011	300781	300782
YB08_2011	300751	300752
YB11_2011	300801	300802
YB16_2011	300761	300762
YB21_2011	300741	300742
YB27_2011	300731	300732
YB37_2011	300771	300772
YB43_2011	300771	300772
YB58_2011	300771	300772
YB67_2011	300771	300772
YF02_2011	300531	300532
YF10_2011	300681	300682
YF11_2011	300691	300692
YF12_2011	300521	300522
YF13_2011	300701	300702
YF15_2011	300691	300692
YF17_2011	300521	300522
YF18_2011	300661	300662
YF19_2011	300541	300542
YF22_2011	300541	300542
YF24_2011	300661	300662
YF34_2011	300691	300692
YF37_2011	300531	300532
YF39_2011	300661	300662
YF41_2011	300521	300522
YF42_2011	300661	300662
YF48_2011	300661	300662
YF99_2011	300661	300662
YG07_2011	300641	300642
YG08_2011	300591	300592
YG10_2011	300651	300652
YG12_2011	300621	300622
YG15_2011	300621	300622
YG17_2011	300591	300592
YG18_2011	300631	300632
YG21_2011	300711	300712
YG24_2011	300591	300592
YG29_2011	300571	300572
YG32_2011	300581	300582
YG39_2011	300591	300592
YG43_2011	300591	300592
YM06_2011	300501	300502
YM17_2011	300441	300442
YM21_2011	300511	300512
YM22_2011	300491	300492
YM29_2011	300501	300502
YM31_2011	300481	300482
YM32_2011	300501	300502
YM33_2011	300491	300492
YM36_2011	300461	300462
YM37_2011	300471	300472
YM44_2011	300511	300512
YO02_2011	300381	300382
YO05_2011	300381	300382
YO06_2011	300361	300362
YO07_2011	300361	300362
YO08_2011	300361	300362
YO10_2011	300371	300372
YO18_2011	300361	300362
YO19_2011	300381	300382
YO24_2011	300361	300362
YO26_2011	300421	300422
YO28_2011	300361	300362
YO29_2011	300411	300412
YO31_2011	300381	300382
YO32_2011	300381	300382
YO33_2011	300391	300392
YO34_2011	300421	300422
YO36_2011	300411	300412
YO37_2011	300381	300382
YO38_2011	300381	300382
YO51_2011	300401	300402
YO54_2011	300361	300362
YR00_2011	300291	300292
YR01_2011	300321	300322
YR02_2011	300331	300332
YR05_2011	300331	300332
YR06_2011	300271	300272
YR07_2011	300291	300292
YR08_2011	300271	300272
YR10_2011	300321	300322
YR12_2011	300341	300342
YR13_2011	300341	300342
YR14_2011	300351	300352
YR15_2011	300261	300262
YR17_2011	300321	300322
YR19_2011	300291	300292
YR22_2011	300271	300272
YR23_2011	300341	300342
YR25_2011	300261	300262
YR26_2011	300251	300252
YR27_2011	300341	300342
YR30_2011	300291	300292
YR33_2011	300271	300272
YR34_2011	300271	300272
YR35_2011	300321	300322
YR36_2011	300251	300252
YR39_2011	300321	300322
YR40_2011	300251	300252
YR41_2011	300271	300272
YR42_2011	300331	300332
YR52_2011	300331	300332
YR56_2011	300271	300272
YR57_2011	300251	300252
YT01_2011	300171	300172
YT07_2011	300231	300232
YT13_2011	300181	300182
YT19_2011	300211	300212
YT20_2011	300201	300202
YT23_2011	300311	300312
YT24_2011	300171	300172
YT25_2011	300231	300232
YT32_2011	300241	300242
YT33_2011	300191	300192
YT35_2011	300191	300192
YT36_2011	300171	300172
YT37_2011	300231	300232
YT54_2011	300181	300182
YT58_2011	300201	300202
YV07_2011	300131	300132
YV08_2011	300091	300092
YV10_2011	300121	300122
YV13_2011	300101	300102
YV22_2011	300091	300092
YV26_2011	300221	300222
YV28_2011	300101	300102
YV29_2011	300161	300162
YV33_2011	300661	300662
YV34_2011	300131	300132
YV39_2011	300131	300132
YV40_2011	300161	300162
YV53_2011	300141	300142
YV54_2011	300101	300102
YV58_2011	300101	300102
YV79_2011	300161	300162
YV83_2011	300161	300162
YV87_2011	300161	300162
YY01_2011	300021	300022
YY04_2011	300081	300082
YY06_2011	300071	300072
YY10_2011	300061	300062
YY13_2011	300051	300052
YY14_2011	300031	300032
YY15_2011	300031	300032
YY16_2011	300041	300042
YY20_2011	300041	300042
YY23_2011	300071	300072
YY24_2011	300071	300072
YY25_2011	300071	300072
YY27_2011	300041	300042
YY31_2011	300081	300082
YY32_2011	300031	300032
YY36_2011	300021	300022
YY37_2011	300071	300072
YY38_2011	300071	300072
YY39_2011	300011	300012
YY45_2011	300071	300072
YY46_2011	300071	300072
YY58_2011	300041	300042
YY59_2011	300051	300052
GF06_2011	302531	302532
GS09_2011	302101	302102
GT05_2011	302101	302102
GV64_2011	301971	301972
GY05_2011	302051	302052
OC30_2011	301791	301792
OD12_2011	301811	301812
OD13_2011	301791	301792
OD28_2011	301791	301792
OD36_2011	301801	301802
OD39_2011	301791	301792
OD40_2011	301791	301792
OD42_2011	301801	301802
OD43_2011	301791	301792
OD57_2011	301791	301792
OD58_2011	301801	301802
OD59_2011	301791	301792
OD60_2011	301791	301792
OD61_2011	301791	301792
OD62_2011	301801	301802
OH32_2011	301771	301772
OH42_2011	301711	301712
OH47_2011	301711	301712
OH49_2011	301711	301712
OI15_2011	301661	301662
OI16_2011	301661	301662
OI19_2011	301611	301612
OI29_2011	301681	301682
OI30_2011	301661	301662
OI31_2011	301661	301662
OI32_2011	301611	301612
OI35_2011	301611	301612
OI36_2011	301611	301612
OI37_2011	301631	301632
OI40_2011	301681	301682
OI41_2011	301661	301662
OI42_2011	301661	301662
OI43_2011	301651	301652
OI44_2011	301681	301682
OI45_2011	301651	301652
OI46_2011	301611	301612
OI61_2011	301611	301612
OI62_2011	301621	301622
OI63_2011	301681	301682
OI66_2011	301621	301622
OI68_2011	301631	301632
OI69_2011	301651	301652
OI71_2011	301611	301612
OI72_2011	301611	301612
OJ15_2011	301551	301552
OJ42_2011	301151	301152
OJ45_2011	301551	301552
OJ49_2011	301551	301552
OJ51_2011	301551	301552
OJ57_2011	301551	301552
OJ79_2011	301591	301592
OJ84_2011	301551	301552
OJ85_2011	301551	301552
OJ93_2011	301551	301552
OJ94_2011	301491	301492
OJ98_2011	301491	301492
OK12_2011	301481	301482
OK30_2011	301491	301492
OK32_2011	301491	301492
OK33_2011	301481	301482
OK49_2011	301491	301492
OK50_2011	301491	301492
OK52_2011	301481	301482
OK53_2011	301491	301492
OK54_2011	301481	301482
OK57_2011	301481	301482
OK58_2011	301481	301482
OK59_2011	301491	301492
OK62_2011	301481	301482
OK63_2011	301491	301492
OK68_2011	301491	301492
OK69_2011	301491	301492
OK70_2011	301491	301492
OK73_2011	301491	301492
OK75_2011	301481	301482
ON15_2011	301341	301342
ON16_2011	301341	301342
ON18_2011	301341	301342
ON19_2011	301341	301342
ON20_2011	301411	301412
ON26_2011	301411	301412
ON41_2011	301341	301342
ON42_2011	301421	301422
ON43_2011	301421	301422
ON47_2011	301391	301392
ON48_2011	301411	301412
ON49_2011	301391	301392
ON52_2011	301411	301412
ON81_2011	301411	301412
ON82_2011	301411	301412
ON83_2011	301411	301412
ON84_2011	301391	301392
ON87_2011	301411	301412
OS11_2011	301261	301262
OS13_2011	301261	301262
OS18_2011	301161	301162
OS21_2011	301261	301262
OS24_2011	301191	301192
OS25_2011	301261	301262
OS27_2011	301161	301162
OS28_2011	301261	301262
OS59_2011	301261	301262
OU12_2011	301101	301102
OU28_2011	301191	301192
OU32_2011	301151	301152
OU33_2011	301151	301152
OU39_2011	301101	301102
OX03_2011	301061	301062
OX04_2011	301051	301052
OX06_2011	301051	301052
OX08_2011	301061	301062
OX22_2011	300961	300962
OX24_2011	301061	301062
OX26_2011	301061	301062
OX28_2011	301051	301052
OX29_2011	300961	300962
OX51_2011	300941	300942
OX55_2011	300961	300962
OX57_2011	301061	301062
OZ11_2011	300891	300892
OZ12_2011	300891	300892
OZ13_2011	300891	300892
OZ14_2011	300941	300942
OZ15_2011	300891	300892
OZ18_2011	300891	300892
OZ21_2011	300891	300892
OZ24_2011	300891	300892
OZ28_2011	300891	300892
OZ51_2011	300891	300892
OZ53_2011	300891	300892
OZ56_2011	300891	300892
OZ57_2011	300891	300892
OZ58_2011	300911	300912
YA10_2011	300861	300862
YA12_2011	300811	300812
YA16_2011	300811	300812
YA17_2011	300751	300752
YA18_2011	300841	300842
YA20_2011	300811	300812
YA21_2011	300841	300842
YA22_2011	300841	300842
YA23_2011	300811	300812
YA25_2011	300871	300872
YA26_2011	300821	300822
YA27_2011	300851	300852
YA29_2011	300821	300822
YA41_2011	300871	300872
YA42_2011	300841	300842
YA43_2011	300841	300842
YA44_2011	300881	300882
YA46_2011	300851	300852
YA47_2011	300841	300842
YA48_2011	300881	300882
YA49_2011	300851	300852
YA50_2011	300881	300882
YA52_2011	300821	300822
YA54_2011	300821	300822
YB09_2011	300731	300732
YB13_2011	300731	300732
YB15_2011	300801	300802
YB25_2011	300751	300752
YB26_2011	300741	300742
YB28_2011	300751	300752
YB39_2011	300801	300802
YB40_2011	300721	300722
YB41_2011	300721	300722
YB46_2011	300751	300752
YB47_2011	300731	300732
YB48_2011	300741	300742
YB49_2011	300741	300742
YB50_2011	300751	300752
YF14_2011	300691	300692
YF28_2011	300701	300702
YF30_2011	300681	300682
YF35_2011	300691	300692
YF38_2011	300701	300702
YF40_2011	300701	300702
YF43_2011	300701	300702
YF44_2011	300701	300702
YF60_2011	300521	300522
YF61_2011	300521	300522
YF64_2011	300521	300522
YF65_2011	300701	300702
YF79_2011	300701	300702
YG11_2011	300711	300712
YG13_2011	300621	300622
YG25_2011	300711	300712
YG26_2011	300621	300622
YG27_2011	300571	300572
YG31_2011	300711	300712
YG42_2011	300631	300632
YG46_2011	300711	300712
YG47_2011	300591	300592
YG48_2011	300711	300712
YG49_2011	300631	300632
YG50_2011	300621	300622
YG51_2011	300571	300572
YG52_2011	300621	300622
YG53_2011	300621	300622
YG58_2011	300711	300712
YM10_2011	300461	300462
YM12_2011	300471	300472
YM13_2011	300461	300462
YM14_2011	300471	300472
YM15_2011	300461	300462
YM18_2011	300441	300442
YM19_2011	300461	300462
YM34_2011	300471	300472
YM35_2011	300481	300482
YM38_2011	300471	300472
YM39_2011	300441	300442
YM43_2011	300441	300442
YO11_2011	300371	300372
YO12_2011	300371	300372
YO13_2011	300371	300372
YO14_2011	300371	300372
YO16_2011	300371	300372
YO17_2011	300391	300392
YO52_2011	300371	300372
YO53_2011	300371	300372
YO57_2011	300361	300362
YO59_2011	300411	300412
YO70_2011	300371	300372
YO75_2011	300401	300402
YO76_2011	300411	300412
YR20_2011	300291	300292
YR21_2011	300291	300292
YR28_2011	300321	300322
YR48_2011	300291	300292
YR64_2011	300321	300322
YR65_2011	300291	300292
YR66_2011	300321	300322
YR68_2011	300291	300292
YR70_2011	300321	300322
YT12_2011	300181	300182
YT14_2011	300181	300182
YT17_2011	300181	300182
YT18_2011	300181	300182
YT42_2011	300171	300172
YT43_2011	300181	300182
YT45_2011	300171	300172
YT47_2011	300241	300242
YT49_2011	300181	300182
YV23_2011	300121	300122
YV30_2011	300121	300122
YV45_2011	300121	300122
YV47_2011	300121	300122
YV48_2011	300121	300122
YV49_2011	300121	300122
YV62_2011	300121	300122
YV65_2011	300221	300222
YV66_2011	300121	300122
YV68_2011	300121	300122
YV69_2011	300221	300222
YV85_2011	300121	300122
YV86_2011	300121	300122
YV89_2011	300221	300222
YV95_2011	300151	300152
YY11_2011	300061	300062
YY18_2011	300071	300072
YY53_2011	300011	300012
YY55_2011	300081	300082
YY56_2011	300061	300062
GH02_2011	302271	302272
GH06_2011	302271	302272
GP01_2011	302401	302402
GS00_2011	302101	302102
GS01_2011	302171	302172
GS06_2011	302181	302182
GS07_2011	302181	302182
GT03_2011	302231	302232
GT04_2011	302231	302232
GV52_2011	301921	301922
GV53_2011	301991	301992
GV54_2011	302111	302112
GV55_2011	301921	301922
GV56_2011	301951	301952
GV58_2011	301911	301912
GV59_2011	301971	301972
GV60_2011	301911	301912
GY07_2011	302131	302132
GY10_2011	302191	302192
OC00_2011	301861	301862
OC02_2011	301861	301862
OC23_2011	301861	301862
OC24_2011	302011	302012
OC26_2011	301861	301862
OD00_2011	301861	301862
OD20_2011	301821	301822
OD48_2011	301851	301852
OD49_2011	301821	301822
OD50_2011	301821	301822
OD51_2011	301821	301822
OD52_2011	301791	301792
OD53_2011	301821	301822
OD54_2011	301881	301882
OD55_2011	301781	301782
OD56_2011	301791	301792
OH13_2011	301761	301762
OH24_2011	301701	301702
OH29_2011	301721	301722
OH51_2011	301731	301732
OH52_2011	301751	301752
OH54_2011	301751	301752
OI00_2011	301621	301622
OI06_2011	301621	301622
OI58_2011	301621	301622
OI60_2011	301611	301612
OJ01_2011	301581	301582
OJ06_2011	301601	301602
OJ23_2011	301471	301472
OJ26_2011	301591	301592
OJ37_2011	301561	301562
OJ68_2011	301591	301592
OJ69_2011	301551	301552
OJ70_2011	301601	301602
OJ71_2011	301591	301592
OJ73_2011	301551	301552
OJ74_2011	301471	301472
OJ75_2011	301551	301552
OJ88_2011	301591	301592
OJ90_2011	301561	301562
OJ92_2011	301581	301582
OK34_2011	301441	301442
OK41_2011	301451	301452
ON60_2011	301351	301352
ON70_2011	301381	301382
OP41_2011	301181	301182
OP46_2011	301361	301362
OP72_2011	301331	301332
OP73_2011	301311	301312
OP79_2011	301071	301072
OS33_2011	301241	301242
OX18_2011	301001	301002
OX40_2011	301011	301012
OX44_2011	301041	301042
OZ02_2011	300901	300902
OZ43_2011	300971	300972
OZ46_2011	300981	300982
YB05_2011	300801	300802
YB29_2011	300801	300802
YB38_2011	300801	300802
YB55_2011	300781	300782
YB60_2011	300801	300802
YB61_2011	300761	300762
YF16_2011	300541	300542
YF47_2011	300531	300532
YF88_2011	300531	300532
YF89_2011	300681	300682
YF90_2011	300541	300542
YF92_2011	300531	300532
YF93_2011	300541	300542
YF94_2011	300531	300532
YG35_2011	300651	300652
YM05_2011	300451	300452
YO01_2011	300411	300412
YO03_2011	300401	300402
YO09_2011	300381	300382
YO41_2011	300381	300382
YO42_2011	300391	300392
YO44_2011	300371	300372
YO45_2011	300411	300412
YO46_2011	300361	300362
YO47_2011	300401	300402
YO48_2011	300381	300382
YO49_2011	300381	300382
YO62_2011	300401	300402
YO63_2011	300381	300382
YO64_2011	300391	300392
YO65_2011	300381	300382
YO66_2011	300411	300412
YO67_2011	300381	300382
YV51_2011	300091	300092
YV52_2011	300161	300162
YV73_2011	300141	300142
YV74_2011	300131	300132
YV75_2011	300121	300122
YV77_2011	300221	300222
YV78_2011	300701	300702
YV80_2011	300091	300092
YV81_2011	300151	300152
YV82_2011	300091	300092
YY48_2011	300031	300032
GF01_2011	302531	302532
GF03_2011	302531	302532
GF07_2011	302531	302532
GF08_2011	302531	302532
GF09_2011	302531	302532
GF10_2011	302531	302532
GF11_2011	302531	302532
GF12_2011	302531	302532
GF13_2011	302531	302532
GF14_2011	302531	302532
GF15_2011	302531	302532
GF16_2011	302531	302532
GV00_2011	301951	301952
GV03_2011	301951	301952
GV05_2011	301911	301912
GV08_2011	301991	301992
GV17_2011	301921	301922
GV18_2011	301911	301912
GV21_2011	301911	301912
GV26_2011	301991	301992
GV27_2011	301911	301912
GV29_2011	301911	301912
GV31_2011	301951	301952
GV32_2011	301911	301912
GV33_2011	301911	301912
GV34_2011	301991	301992
GV38_2011	301951	301952
GV40_2011	302051	302052
GV41_2011	302021	302022
GV42_2011	301991	301992
GV43_2011	301991	301992
GV44_2011	301951	301952
GV46_2011	301991	301992
GV47_2011	301911	301912
GV48_2011	301991	301992
GV49_2011	301991	301992
GV50_2011	301911	301912
GV51_2011	301921	301922
GV61_2011	301921	301922
GV62_2011	301921	301922
GV65_2011	301921	301922
GV66_2011	301911	301912
GY01_2011	302051	302052
GY12_2011	302131	302132
GY13_2011	301921	301922
GY14_2011	302111	302112
OC01_2011	301841	301842
OC03_2011	301841	301842
OC09_2011	301931	301932
OC12_2011	301871	301872
OC15_2011	301871	301872
OC16_2011	301841	301842
OC17_2011	302001	302002
OC19_2011	301841	301842
OC20_2011	301931	301932
OC21_2011	302001	302002
OC22_2011	301841	301842
OC27_2011	301871	301872
OC31_2011	301931	301932
OC32_2011	301871	301872
OC34_2011	301841	301842
OD01_2011	301791	301792
OD03_2011	301781	301782
OD05_2011	301781	301782
OD06_2011	301801	301802
OD07_2011	301821	301822
OD09_2011	301821	301822
OD14_2011	301781	301782
OD15_2011	301791	301792
OD16_2011	301811	301812
OD17_2011	301821	301822
OD18_2011	301811	301812
OD23_2011	301821	301822
OD32_2011	301801	301802
OD33_2011	301801	301802
OD34_2011	301821	301822
OD35_2011	301801	301802
OD41_2011	301821	301822
OD44_2011	301791	301792
OD45_2011	301821	301822
OD46_2011	301821	301822
OD64_2011	301821	301822
OD65_2011	301851	301852
OD66_2011	301821	301822
OH00_2011	301721	301722
OH02_2011	301721	301722
OH03_2011	301721	301722
OH05_2011	301721	301722
OH06_2011	301721	301722
OH08_2011	301721	301722
OH09_2011	301721	301722
OH12_2011	301721	301722
OH15_2011	301771	301772
OH16_2011	301721	301722
OH18_2011	301771	301772
OH20_2011	301701	301702
OH22_2011	301721	301722
OH23_2011	301701	301702
OH26_2011	301711	301712
OH27_2011	301721	301722
OH31_2011	301721	301722
OH33_2011	301721	301722
OH36_2011	301721	301722
OH37_2011	301721	301722
OH38_2011	301711	301712
OH39_2011	301731	301732
OH40_2011	301711	301712
OH43_2011	301721	301722
OH45_2011	301751	301752
OH48_2011	301721	301722
OH50_2011	301701	301702
OH56_2011	301701	301702
OH57_2011	301711	301712
OH64_2011	301701	301702
OH65_2011	301751	301752
OH67_2011	301701	301702
OI07_2011	301631	301632
OI09_2011	301661	301662
OI20_2011	301611	301612
OI21_2011	301611	301612
OI22_2011	301611	301612
OI23_2011	301631	301632
OI24_2011	301611	301612
OI25_2011	301681	301682
OI48_2011	301661	301662
OI49_2011	301651	301652
OI50_2011	301681	301682
OI51_2011	301661	301662
OI52_2011	301681	301682
OI53_2011	301661	301662
OI56_2011	301651	301652
OI59_2011	301651	301652
OJ00_2011	301561	301562
OJ02_2011	301551	301552
OJ04_2011	301561	301562
OJ09_2011	301561	301562
OJ12_2011	301591	301592
OJ13_2011	301591	301592
OJ17_2011	301561	301562
OJ19_2011	301471	301472
OJ20_2011	301551	301552
OJ22_2011	301471	301472
OJ25_2011	301561	301562
OJ27_2011	301471	301472
OJ28_2011	301561	301562
OJ29_2011	301591	301592
OJ31_2011	301471	301472
OJ32_2011	301561	301562
OJ35_2011	301551	301552
OJ36_2011	301561	301562
OJ38_2011	301551	301552
OJ40_2011	301561	301562
OJ41_2011	301561	301562
OJ43_2011	301561	301562
OJ44_2011	301561	301562
OJ46_2011	301471	301472
OJ47_2011	301471	301472
OJ48_2011	301471	301472
OJ55_2011	301591	301592
OJ58_2011	301471	301472
OJ63_2011	301471	301472
OJ64_2011	301561	301562
OJ76_2011	301471	301472
OJ77_2011	301561	301562
OJ78_2011	301561	301562
OJ80_2011	301471	301472
OJ81_2011	301561	301562
OJ83_2011	301471	301472
OJ95_2011	301471	301472
OJ96_2011	301471	301472
OJ99_2011	301561	301562
OK01_2011	301441	301442
OK02_2011	301441	301442
OK04_2011	301451	301452
OK06_2011	301441	301442
OK07_2011	301451	301452
OK08_2011	301441	301442
OK15_2011	301441	301442
OK17_2011	301491	301492
OK18_2011	301441	301442
OK19_2011	301441	301442
OK20_2011	301441	301442
OK22_2011	301441	301442
OK23_2011	301451	301452
OK24_2011	301491	301492
OK25_2011	301441	301442
OK26_2011	301441	301442
OK28_2011	301451	301452
OK35_2011	301451	301452
OK36_2011	301441	301442
OK37_2011	301441	301442
OK38_2011	301481	301482
OK42_2011	301481	301482
OK43_2011	301441	301442
OK44_2011	301491	301492
OK45_2011	301481	301482
OK46_2011	301451	301452
OK48_2011	301451	301452
OK51_2011	301441	301442
OK55_2011	301441	301442
OK64_2011	301491	301492
OK66_2011	301511	301512
OK67_2011	301441	301442
OK71_2011	301441	301442
OK72_2011	301441	301442
ON01_2011	301351	301352
ON02_2011	301421	301422
ON03_2011	301421	301422
ON11_2011	301351	301352
ON14_2011	301351	301352
ON17_2011	301351	301352
ON21_2011	301381	301382
ON24_2011	301381	301382
ON25_2011	301381	301382
ON28_2011	301381	301382
ON29_2011	301381	301382
ON31_2011	301411	301412
ON32_2011	301351	301352
ON33_2011	301421	301422
ON34_2011	301381	301382
ON35_2011	301411	301412
ON36_2011	301351	301352
ON37_2011	301351	301352
ON38_2011	301411	301412
ON39_2011	301411	301412
ON40_2011	301351	301352
ON45_2011	301351	301352
ON46_2011	301381	301382
ON50_2011	301351	301352
ON51_2011	301351	301352
ON53_2011	301381	301382
ON55_2011	301421	301422
ON56_2011	301411	301412
ON58_2011	301421	301422
ON59_2011	301351	301352
ON63_2011	301381	301382
ON64_2011	301351	301352
ON65_2011	301421	301422
ON66_2011	301421	301422
ON67_2011	301341	301342
ON68_2011	301421	301422
ON69_2011	301351	301352
ON72_2011	301391	301392
ON73_2011	301411	301412
ON75_2011	301351	301352
ON77_2011	301341	301342
ON78_2011	301371	301372
ON79_2011	301381	301382
ON80_2011	301381	301382
ON85_2011	301351	301352
ON86_2011	301351	301352
ON88_2011	301351	301352
OP00_2011	301321	301322
OP01_2011	301071	301072
OP03_2011	301301	301302
OP05_2011	301361	301362
OP06_2011	301361	301362
OP07_2011	301331	301332
OP08_2011	301361	301362
OP09_2011	301361	301362
OP10_2011	301331	301332
OP11_2011	301321	301322
OP12_2011	301071	301072
OP13_2011	301181	301182
OP16_2011	301071	301072
OP18_2011	301331	301332
OP19_2011	301331	301332
OP20_2011	301311	301312
OP21_2011	301071	301072
OP22_2011	301311	301312
OP23_2011	301361	301362
OP24_2011	301331	301332
OP25_2011	301331	301332
OP26_2011	301331	301332
OP27_2011	301331	301332
OP28_2011	301321	301322
OP29_2011	301361	301362
OP30_2011	301331	301332
OP31_2011	301071	301072
OP32_2011	301181	301182
OP33_2011	301331	301332
OP34_2011	301361	301362
OP35_2011	301361	301362
OP36_2011	301301	301302
OP37_2011	301331	301332
OP38_2011	301361	301362
OP39_2011	301331	301332
OP40_2011	301301	301302
OP42_2011	301181	301182
OP45_2011	301181	301182
OP47_2011	301181	301182
OP48_2011	301301	301302
OP50_2011	301301	301302
OP51_2011	301181	301182
OP52_2011	301301	301302
OP53_2011	301311	301312
OP54_2011	301071	301072
OP55_2011	301181	301182
OP56_2011	301361	301362
OP58_2011	301071	301072
OP59_2011	301301	301302
OP60_2011	301301	301302
OP61_2011	301361	301362
OP62_2011	301071	301072
OP63_2011	301181	301182
OP64_2011	301321	301322
OP65_2011	301321	301322
OP66_2011	301071	301072
OP67_2011	301331	301332
OP69_2011	301331	301332
OP71_2011	301301	301302
OP74_2011	301331	301332
OP75_2011	301331	301332
OP76_2011	301361	301362
OP77_2011	301301	301302
OP78_2011	301331	301332
OP80_2011	301321	301322
OP81_2011	301181	301182
OP84_2011	301321	301322
OP85_2011	301071	301072
OP86_2011	301361	301362
OP87_2011	301331	301332
OS02_2011	301161	301162
OS04_2011	301261	301262
OS10_2011	301271	301272
OS22_2011	301271	301272
OS23_2011	301271	301272
OS30_2011	301261	301262
OS31_2011	301261	301262
OS32_2011	301161	301162
OS34_2011	301261	301262
OS35_2011	301231	301232
OS37_2011	301161	301162
OS38_2011	301161	301162
OS40_2011	301261	301262
OS41_2011	301241	301242
OS44_2011	301211	301212
OS45_2011	301241	301242
OS47_2011	301241	301242
OS49_2011	301231	301232
OS50_2011	301271	301272
OS53_2011	301241	301242
OU00_2011	301171	301172
OU05_2011	301171	301172
OU06_2011	301221	301222
OU09_2011	301101	301102
OU13_2011	301221	301222
OU18_2011	301081	301082
OU22_2011	301221	301222
OU23_2011	301221	301222
OU31_2011	301221	301222
OU34_2011	301221	301222
OU35_2011	301221	301222
OU37_2011	301221	301222
OU41_2011	301221	301222
OU44_2011	301141	301142
OU45_2011	301221	301222
OU47_2011	301191	301192
OX05_2011	301021	301022
OX10_2011	301051	301052
OX11_2011	301031	301032
OX12_2011	301021	301022
OX13_2011	301031	301032
OX14_2011	301031	301032
OX16_2011	301031	301032
OX17_2011	301001	301002
OX19_2011	300991	300992
OX21_2011	301001	301002
OX25_2011	301031	301032
OX27_2011	301001	301002
OX30_2011	301031	301032
OX31_2011	300991	300992
OX32_2011	301001	301002
OX34_2011	301001	301002
OX37_2011	301001	301002
OX38_2011	300991	300992
OX39_2011	301001	301002
OX41_2011	301031	301032
OX42_2011	301031	301032
OX43_2011	301011	301012
OX45_2011	301001	301002
OX46_2011	301011	301012
OX47_2011	301041	301042
OX48_2011	301041	301042
OX49_2011	301001	301002
OX52_2011	301021	301022
OX56_2011	301011	301012
OX58_2011	301021	301022
OX59_2011	301041	301042
OZ00_2011	300891	300892
OZ01_2011	300961	300962
OZ03_2011	300901	300902
OZ05_2011	300961	300962
OZ08_2011	300961	300962
OZ09_2011	300961	300962
OZ10_2011	300971	300972
OZ16_2011	300971	300972
OZ23_2011	300971	300972
OZ25_2011	300931	300932
OZ26_2011	300971	300972
OZ27_2011	300981	300982
OZ29_2011	300931	300932
OZ31_2011	300961	300962
OZ32_2011	300961	300962
OZ33_2011	300981	300982
OZ35_2011	300961	300962
OZ36_2011	300961	300962
OZ37_2011	300911	300912
OZ39_2011	300931	300932
OZ41_2011	300891	300892
OZ42_2011	300901	300902
OZ44_2011	300901	300902
OZ47_2011	300971	300972
OZ49_2011	300971	300972
OZ50_2011	300901	300902
OZ52_2011	300901	300902
OZ54_2011	300971	300972
OZ55_2011	300931	300932
YA01_2011	300841	300842
YA02_2011	300811	300812
YA04_2011	300871	300872
YA05_2011	300861	300862
YA06_2011	300841	300842
YA31_2011	300861	300862
YA32_2011	300861	300862
YA33_2011	300861	300862
YA35_2011	300851	300852
YA36_2011	300831	300832
YA37_2011	300831	300832
YA39_2011	300831	300832
YA56_2011	300841	300842
YA57_2011	300841	300842
YA61_2011	300881	300882
YA63_2011	300841	300842
YA64_2011	300831	300832
YA65_2011	300841	300842
YA66_2011	300841	300842
YA67_2011	300861	300862
YB00_2011	300761	300762
YB03_2011	300751	300752
YB06_2011	300741	300742
YB10_2011	300761	300762
YB17_2011	300761	300762
YB18_2011	300761	300762
YB23_2011	300761	300762
YB24_2011	300761	300762
YB30_2011	300731	300732
YB31_2011	300721	300722
YB32_2011	300761	300762
YB33_2011	300731	300732
YB34_2011	300761	300762
YB35_2011	300741	300742
YB36_2011	300751	300752
YB51_2011	300761	300762
YB52_2011	300761	300762
YB54_2011	300731	300732
YB56_2011	300771	300772
YB59_2011	300751	300752
YB62_2011	300761	300762
YB63_2011	300771	300772
YB64_2011	300741	300742
YB65_2011	300741	300742
YB68_2011	300731	300732
YF00_2011	300541	300542
YF01_2011	300531	300532
YF03_2011	300541	300542
YF05_2011	300531	300532
YF06_2011	300681	300682
YF07_2011	300541	300542
YF08_2011	300531	300532
YF09_2011	300531	300532
YF20_2011	300541	300542
YF23_2011	300541	300542
YF25_2011	300531	300532
YF26_2011	300531	300532
YF31_2011	300531	300532
YF32_2011	300531	300532
YF33_2011	300531	300532
YF36_2011	300531	300532
YF45_2011	300531	300532
YF46_2011	300541	300542
YF49_2011	300681	300682
YF50_2011	300531	300532
YF51_2011	300691	300692
YF52_2011	300541	300542
YF54_2011	300541	300542
YF55_2011	300681	300682
YF56_2011	300541	300542
YF57_2011	300701	300702
YF58_2011	300691	300692
YF59_2011	300531	300532
YF67_2011	300531	300532
YF68_2011	300531	300532
YF69_2011	300531	300532
YF70_2011	300541	300542
YF71_2011	300531	300532
YF72_2011	300541	300542
YF73_2011	300541	300542
YF74_2011	300541	300542
YF75_2011	300541	300542
YF76_2011	300541	300542
YF77_2011	300531	300532
YF78_2011	300531	300532
YF82_2011	300531	300532
YF83_2011	300531	300532
YF84_2011	300441	300442
YF85_2011	300531	300532
YF86_2011	300531	300532
YG02_2011	300631	300632
YG03_2011	300631	300632
YG04_2011	300631	300632
YG05_2011	300631	300632
YG06_2011	300571	300572
YG16_2011	300711	300712
YG19_2011	300651	300652
YG20_2011	300651	300652
YG22_2011	300651	300652
YG23_2011	300591	300592
YG33_2011	300571	300572
YG34_2011	300631	300632
YG36_2011	300711	300712
YG38_2011	300631	300632
YG40_2011	300591	300592
YG41_2011	300651	300652
YG44_2011	300651	300652
YG54_2011	300651	300652
YM00_2011	300491	300492
YM01_2011	300441	300442
YM02_2011	300491	300492
YM03_2011	300461	300462
YM04_2011	300471	300472
YM08_2011	300471	300472
YM16_2011	300491	300492
YM20_2011	300441	300442
YM23_2011	300471	300472
YM24_2011	300471	300472
YM25_2011	300441	300442
YM26_2011	300511	300512
YM27_2011	300491	300492
YM28_2011	300481	300482
YM40_2011	300491	300492
YM41_2011	300491	300492
YM42_2011	300491	300492
YO00_2011	300391	300392
YO04_2011	300371	300372
YO20_2011	300391	300392
YO25_2011	300371	300372
YO30_2011	300381	300382
YO39_2011	300381	300382
YO40_2011	300381	300382
YO58_2011	300381	300382
YO60_2011	300381	300382
YR03_2011	300341	300342
YR04_2011	300341	300342
YR11_2011	300351	300352
YR16_2011	300351	300352
YR18_2011	300261	300262
YR24_2011	300261	300262
YR29_2011	300261	300262
YR31_2011	300261	300262
YR32_2011	300321	300322
YR37_2011	300321	300322
YR38_2011	300261	300262
YR44_2011	300261	300262
YR45_2011	300351	300352
YR47_2011	300261	300262
YR49_2011	300261	300262
YR50_2011	300291	300292
YR51_2011	300261	300262
YR53_2011	300321	300322
YR54_2011	300321	300322
YR55_2011	300341	300342
YR58_2011	300261	300262
YR59_2011	300341	300342
YR60_2011	300291	300292
YR61_2011	300291	300292
YR62_2011	300321	300322
YR63_2011	300351	300352
YR67_2011	300261	300262
YR69_2011	300261	300262
YT00_2011	300231	300232
YT02_2011	300181	300182
YT03_2011	300171	300172
YT05_2011	300181	300182
YT06_2011	300231	300232
YT08_2011	300181	300182
YT09_2011	300171	300172
YT11_2011	300211	300212
YT15_2011	300231	300232
YT16_2011	300231	300232
YT21_2011	300191	300192
YT26_2011	300231	300232
YT29_2011	300211	300212
YT30_2011	300171	300172
YT31_2011	300171	300172
YT34_2011	300211	300212
YT38_2011	300181	300182
YT39_2011	300241	300242
YT40_2011	300181	300182
YT41_2011	300231	300232
YT46_2011	300171	300172
YT48_2011	300211	300212
YT53_2011	300211	300212
YT55_2011	300171	300172
YT56_2011	300231	300232
YT57_2011	300171	300172
YT59_2011	300231	300232
YV00_2011	300091	300092
YV01_2011	300091	300092
YV02_2011	300091	300092
YV03_2011	300131	300132
YV04_2011	300121	300122
YV05_2011	300131	300132
YV09_2011	300121	300122
YV11_2011	300131	300132
YV12_2011	300131	300132
YV14_2011	300091	300092
YV15_2011	300091	300092
YV16_2011	300091	300092
YV17_2011	300091	300092
YV18_2011	300131	300132
YV21_2011	300131	300132
YV24_2011	300131	300132
YV25_2011	300131	300132
YV27_2011	300131	300132
YV31_2011	300221	300222
YV32_2011	300221	300222
YV35_2011	300091	300092
YV36_2011	300121	300122
YV37_2011	300221	300222
YV38_2011	300131	300132
YV41_2011	300131	300132
YV42_2011	300131	300132
YV44_2011	300131	300132
YV46_2011	300091	300092
YV50_2011	300131	300132
YV55_2011	300131	300132
YV56_2011	300221	300222
YV60_2011	300131	300132
YV61_2011	300131	300132
YV67_2011	300091	300092
YV70_2011	300091	300092
YV71_2011	300221	300222
YV84_2011	300091	300092
YV88_2011	300131	300132
YV90_2011	300161	300162
YV91_2011	300101	300102
YV92_2011	300161	300162
YV93_2011	300131	300132
YY02_2011	300011	300012
YY03_2011	300021	300022
YY05_2011	300021	300022
YY08_2011	300011	300012
YY09_2011	300021	300022
YY12_2011	300021	300022
YY17_2011	300021	300022
YY19_2011	300021	300022
YY21_2011	300081	300082
YY22_2011	300051	300052
YY26_2011	300011	300012
YY28_2011	300021	300022
YY29_2011	300011	300012
YY30_2011	300021	300022
YY34_2011	300021	300022
YY35_2011	300021	300022
YY40_2011	300021	300022
YY41_2011	300021	300022
YY42_2011	300041	300042
YY43_2011	300011	300012
YY44_2011	300061	300062
YY47_2011	300061	300062
YY49_2011	300021	300022
YY51_2011	300021	300022
YY52_2011	300021	300022
YY54_2011	300021	300022
YY57_2011	300021	300022
GH01_2011	302271	302272
GH03_2011	302271	302272
GH04_2011	302271	302272
GH05_2011	302351	302352
GH07_2011	302271	302272
GH09_2011	302371	302372
GH10_2011	302321	302322
GP00_2011	302391	302392
GS03_2011	302101	302102
GS05_2011	302101	302102
GS08_2011	302121	302122
GV04_2011	301911	301912
GV28_2011	301921	301922
GV45_2011	301941	301942
GY04_2011	302131	302132
OC05_2011	301861	301862
OC18_2011	301841	301842
OC25_2011	301901	301902
OC29_2011	301871	301872
OC36_2011	302001	302002
OC37_2011	301891	301892
OD08_2011	301811	301812
OD10_2011	301811	301812
OD19_2011	301821	301822
OD31_2011	301801	301802
OD37_2011	301801	301802
OD38_2011	301791	301792
OH19_2011	301721	301722
OH30_2011	301751	301752
OH35_2011	301761	301762
OH44_2011	301771	301772
OH61_2011	301731	301732
OH62_2011	301721	301722
OH68_2011	301711	301712
OI12_2011	301681	301682
OI39_2011	301621	301622
OI47_2011	301651	301652
OJ03_2011	301571	301572
OJ21_2011	301581	301582
OJ34_2011	301561	301562
OJ53_2011	301551	301552
OJ59_2011	301581	301582
OJ60_2011	301471	301472
OK29_2011	301491	301492
OK47_2011	301451	301452
OK56_2011	301441	301442
OK65_2011	301521	301522
OK74_2011	301461	301462
ON23_2011	301421	301422
ON27_2011	301431	301432
ON44_2011	301341	301342
OP44_2011	301361	301362
OP68_2011	301071	301072
OS00_2011	301231	301232
OS03_2011	301231	301232
OS05_2011	301261	301262
OS07_2011	301161	301162
OS12_2011	301161	301162
OS14_2011	301241	301242
OS16_2011	301261	301262
OS17_2011	301261	301262
OS19_2011	301261	301262
OS26_2011	301161	301162
OS42_2011	301241	301242
OS48_2011	301261	301262
OS57_2011	301211	301212
OU01_2011	301081	301082
OU03_2011	301141	301142
OU04_2011	301171	301172
OU07_2011	301141	301142
OU36_2011	301151	301152
OU46_2011	301191	301192
OU48_2011	301081	301082
OX01_2011	301001	301002
OX07_2011	301011	301012
OX15_2011	301031	301032
OX20_2011	301051	301052
OX23_2011	301041	301042
OZ19_2011	300961	300962
OZ20_2011	300891	300892
YA08_2011	300871	300872
YA70_2011	300841	300842
YB12_2011	300731	300732
YB14_2011	300731	300732
YB19_2011	300741	300742
YB20_2011	300761	300762
YB22_2011	300801	300802
YB42_2011	300741	300742
YB44_2011	300741	300742
YB45_2011	300751	300752
YB53_2011	300761	300762
YB57_2011	300761	300762
YB66_2011	300761	300762
YF04_2011	300541	300542
YF21_2011	300541	300542
YF27_2011	300701	300702
YF29_2011	300681	300682
YF53_2011	300541	300542
YF66_2011	300661	300662
YF80_2011	300531	300532
YG00_2011	300631	300632
YG01_2011	300591	300592
YG14_2011	300711	300712
YG28_2011	300711	300712
YG30_2011	300621	300622
YG37_2011	300581	300582
YM07_2011	300471	300472
YM09_2011	300471	300472
YM11_2011	300441	300442
YM30_2011	300491	300492
YO15_2011	300371	300372
YO27_2011	300371	300372
YO35_2011	300421	300422
YR09_2011	300251	300252
YR43_2011	300341	300342
YR46_2011	300261	300262
YR71_2011	300321	300322
YT04_2011	300231	300232
YT10_2011	300311	300312
YT22_2011	300171	300172
YT28_2011	300171	300172
YT44_2011	300211	300212
YT50_2011	300231	300232
YT52_2011	300211	300212
YT60_2011	300211	300212
YV06_2011	300131	300132
YV19_2011	300151	300152
YV20_2011	302321	302322
YV43_2011	300131	300132
YV57_2011	300121	300122
YV59_2011	300091	300092
YY00_2011	300051	300052
YY07_2011	300021	300022
YY33_2011	300031	300032